56107154

42608634

66177854

14430854

38952514

91617894

31950514

99341854

919114

51018794

7507314

4233954

22612194

89623874

27033314

32730014

91971094

15832454

51996014

95364854

63833414

15605554

76778874

27670714

37682094

59930394

20273074

33289994

53279614

96694774

52666654

74245314

54210874

64026814

16591774

48966594

37851134

91366374

22984054

28163014

25071934

47976434

39372594

81320394

51928374

68652614

76407754

34472434

9004574

74084554

4042694

68742934

11379914

82589994

69435754

67969854

92778954

5972054

68858434

60188994

12953374

36815434

8155174

63662374

46123014

22194014

65961474

21311634

53438914

57439074

35624294

64890654

64753394

82521294

99574554

22326874

52802274

80217554

26853554

73972014

58228294

18752754

91460874

48628554

95145234

1500114

68414114

60736454

48386094

33570254

34855234

13277294

8716334

41697114

78492594

24980914

90465754

30414334

50517554

39555554

43293474

52211414

15324394

132954

12938354

8685154

25316294

80541654

30101234

49442514

69004874

52451454

38425674

54392314

19364634

60911134

79368834

99047334

90330194

32669514

30682134

98451314

60074074

99303834

91388454

68334354

4284354

59217354

14483894

74465654

15283994

26704414

81317654

42297514

13391034

1694134

42308714

56905734

5152934

23918034

94526654

72834694

69900354

450314

57810154

65031194

69084374

18352514

38499894

88819054

74343174

37392754

50633794

7373154

3404054

33642034

40075294

57203034

41399694

86867394

13471374

91267954

59495094

68735034

41601574

26862574

84683774

3944414

21966074

56250594

57480434

64003074

74338814

52903454

71339174

49641754

17086314

71457214

48994414

78680874

87364074

32999654

38846054

18880254

71040054

88009454

7331814

41440854

88658514

70917014

27320814

71200934

53773634

5034814

65048554

6160554

92095534

33615114

14097934

25533914

41017514

66967794

97455214

24540354

43618614

68996154

44953134

48750874

53540394

56774074

98477074

63146334

8387694

58280034

57369534

91455574

98337194

47093514

58361234

17369094

29161294

38001114

98068594

84021674

23803574

27028134

62472334

52698234

19062194

30298894

25324674

11391674

45849694

93901574

84591914

70953134

19860074

2824974

48290154

76110374

86207914

16662534

95293994

78740114

68974754

77984074

59717774

31070414

22696954

92451234

82447454

87745154

29592974

98425594

77140334

505754

21671574

78625634

51205154

83200054

48193434

25686434

95019894

76365254

19619334

9086874

60662794

84336434

36742374

97877634

48609334

64310674

37588494

7558914

4682314

19839554

61264614

49762434

40886714

7922354

50235054

17983994

27836794

95759954

17735414

35144154

19278234

21109014

91803434

18575414

66744294

6168794

25914834

42144694

60572874

136254

8286834

13868554

84887034

36191154

5438534

31825514

76540774

19178234

52026834

10445194

84565194

15770974

96415014

71649714

50939334

43420814

94939254

9272874

69158594

12508534

32800094

90760134

15169694

62714734

78808774

7999434

26918494

93838634

10947134

87009594

81899234

2656074

30840534

81802114

67139094

16956494

18652974

27746574

97965834

86336674

33329234

96526054

46000174

39641394

55575834

85620194

66567814

35466254

14497994

59395414

52308814

27402214

43921774

56470814

63761154

97386754

98562874

23167654

56249254

17898874

42640114

54403874

94625434

25880074

98295334

85521854

8067734

62813434

26007934

82437594

14703234

72623354

74160314

36911454

31853854

62578274

61797654

71247294

79848294

28888614

88025594

25206854

84147894

13932714

6977594

22588314

96384994

59223514

37082774

68508794

4635774

1596814

79665754

31159894

81478254

23403934

53667154

9737674

35679734

60687734

12318454

82938814

73287034

1482094

60061494

89564854

32003494

11052374

93706674

9011994

75860994

95480454

53890994

47898454

7203794

81844114

64288534

95036614

84506374

34916474

70249974

70229754

98599554

64949294

24524014

12551394

1563814

32810094

60583054

30240334

59207014

82838214

69413474

22495394

61479114

3778334

31100574

3671334

57722034

81657234

43522314

2176194

88284254

65524314

64114714

53904414

90324514

45650194

67937154

58922754

23280314

3111614

56452154

7569814

168174

82567414

10439954

13889434

48582534

30798234

77915554

17261454

86789614

88306814

79880074

17473674

51525054

71595634

94026494

78072914

34443034

14513314

75979474

21211514

98397874

78178114

3918174

51051314

50909154

54029094

15931334

75671914

23505794

82333174

24673334

67870774

61039094

70798274

4728154

5068534

10387374

17854794

33186074

73894474

32969474

27216254

48040674

70482614

