46049917
73535557
71070937
95188397
32420617
29245837
16135317
49670137
89621057
74395157
49793037
60088417
65347037
29159417
2961557
44636177
54312357
66315357
37406677
90786117
39171617
68134597
64452757
32571957
53634277
22345157
39975097
94051017
60424597
7174717
93891437
37997657
56923837
33913717
36775097
28974337
28926317
39594317
85889377
26553037
84771057
53038817
97569697
93518077
70280257
39750577
4424477
25357297
41349697
99513177
30572157
66803037
34647617
76120317
84427517
6538717
83575077
36739957
22684057
54229117
70869197
63017677
57525517
4049717
89644157
80083297
62164357
52102177
34424557
636397
42790877
56275397
3332157
60743817
59316357
88818457
15401757
72351857
48457677
82990837
48450237
61155037
8994317
24569597
52548337
10644837
55820437
87434537
1551377
86716397
52643417
1759917
27250697
68422077
20090017
17043617
87376057
75395057
23741297
15980457
96919677
20364037
37374637
51395857
97529837
24232457
7397037
14728297
92992117
5862177
62169297
19727997
56991237
82227557
37659777
65754057
8791317
70278277
77644057
3732257
32680837
50154017
51297137
95037617
79921857
70961557
94894817
36633157
25974237
41908197
54848957
20052557
74397037
78938857
73313377
43060297
58144697
8185437
85620737
13035557
3891977
38135577
27206277
27885457
37259137
30352957
77134777
7537157
73287457
5862177
32396177
69024157
22279977
92090077
67766117
42330737
54977297
33339557
28832957
10546057
86373917
65773617
27903737
76315937
7159697
35121217
29291677
67209317
82480637
80137137
8615737
66471497
79222837
64305517
12558857
6426517
71603197
92443637
39496477
26226417
24544817
71517877
79920117
90871037
42464717
45671577
87520157
1777557
79952057
90688557
45348397
73284877
25163017
78773597
89019217
99747977
88757797
33824457
84014137
49213477
81812217
29596717
46528717
92325297
78239817
76364977
86047957
11329417
39080417
73600537
15570137
89256717
95663517
98177457
19057517
36630637
41291917
5681977
54563837
60973937
61856017
82738297
80623277
11769157
43284457
47915077
83116297
62941497
92041977
6766857
14308677
75275957
46659117
13167017
7696257
79794957
7126337
5154657
36566757
14557657
63490797
78990457
32024997
67720437
97923717
66451597
97822837
33015157
22269917
49053837
25678637
4438377
58711697
49820457
92725897
11981437
69735417
42325637
46484097
16025017
37261917
47286777
97770717
26955257
72120437
74253597
70224057
2593297
73915817
38009417
39944497
27321277
69992157
29077777
22846457
95160437
50814777
94715717
67044657
85565197
59796197
34145757
79311697
20729097
57389797
22242097
36674137
52855677
34939197
82404217
2058857
6655877
12038257
92258477
20143217
62703317
45070097
30919677
13747217
27275357
68299417
47069597
28781457
88119637
2179137
42024877
47424577
14107397
41622337
96256737
72694577
35275157
85872977
63829697
20034617
19545697
23222237
85319617
41545597
53842077
72122537
24187177
21336357
26066397
26923117
94192417
15631357
6217957
91867937
16270017
56906037
91869717
17784677
11282997
8831957
97609677
60478477
36773677
77966637
43737297
13144217
98605817
43779117
63229537
55546497
33971257
77199437
56417637
97907257
13742137
33258177
83233897
3529197
96154637
81810357
14009917
21639937
17852017
65315257
40645657
26133497
56741737
64422977
59477417
94889357
55524817
56243797
98435777
42777497
12654377
1647277
8525577
10853097
71111817
13113217
10436337
45903837
72509197
92641957
13275857
83561657
65973357
64738537
21346617
88085697
4188277
6625637
81012837
95746117
23566777
86297037
27847417
71912957
56235937
56364777
59278197
4722577
13712117
93747697
30197717
71678137
97648497
365797
79247597
22579237
66403157
95348677
33031217
63125717
80012057
72106777
74654777
5945217
36606537
80499557
60912137
95288817
82371877
85829597
55371697
13474897
49634657
86842897
37207717
45397997
69078277
84403217
14793557
64492557
13693337
67845077
9816437
30686057
56986937
51634977
67500177
90961817
41918517
64211117
26813637
77988677
3519657
33660157
333377
55601957
45832297
29287897
76772197
41029257
44963537
7033497
2298417
20181617
49780577
5709417
57392877
2421437
91480557
44269937
28557397
50534457
95145357
96265917
74244977
80519997
21992897
67039077
22998577
86978697
70691537
9116197
11134657
64715237
52747017
40457577
84183177
64366577
79647397
93251997
26409977
91484157
10953957
26204977
31332417
32258357
82326877
59691437
70177237
7604857
83834857
58473997
