45861907

95343827

90571827

6110747

1780807

29547527

73425087

25291087

10408927

79227187

90568107

96947187

872847

29144687

99568027

58293187

83534007

12612727

72333927

68018747

7582287

2324147

14811047

11915827

88941087

76756707

3072267

55388287

35731787

18754687

31924707

58217627

74608807

82154987

97492387

29523367

85219407

96624447

52466287

87528247

94548307

65679167

92333747

76554367

40933647

88965487

53761927

95523467

16082147

47395347

75689507

18620947

27283587

67796427

19345887

19246927

70627187

43400347

40581927

81728387

72257907

51896047

29604747

42312687

54621827

20729687

19630267

9665267

82409907

84726527

49392907

35346707

21690407

1471127

2331627

26269647

5042427

45224467

76469967

41457147

47889547

81182227

65825247

49606867

57124067

65250227

75788187

88450007

11172427

71986787

54591627

44344447

24509247

22862587

71618767

50867327

98829807

23564427

48585347

38768607

99330967

31580887

36898287

14331247

59183027

31667727

41672247

74518507

41345687

77605047

4195747

10629667

58772187

47870507

69915027

55784087

51313527

97506087

23356687

43114987

77562947

80028327

14175767

85866487

46983947

90751467

63188947

74356167

90290427

91401647

95364267

17137107

70017787

52333187

82369707

10672447

55539627

19671907

25814987

74882727

51488087

97375887

85769807

32091367

69600807

63964487

86879087

89696107

27513207

34024647

56165427

36667527

87344987

33961387

48076327

80658547

31373727

1567967

34639687

66864707

43207947

92900207

55112107

83782327

3009747

64512627

38416507

10329507

82479167

17763307

77052447

14062187

67927047

82794687

70587007

91455407

89817707

45666667

22341707

51529687

99314587

60642247

1593347

88364147

11198627

33417647

80992067

46291187

57115867

67466907

8360047

44112527

49471467

37253267

93968467

46549707

96534527

29792027

64954027

33729087

49710047

20683147

5468887

66662867

69282047

29989367

70929127

49174587

21662067

35073007

31796447

55761047

1531527

14591167

28382567

87933747

828747

61301987

41292787

11642207

2869147

97450707

61305887

6892047

12591367

61838967

22815787

55546047

18617347

81631047

28575387

39356647

29788207

51316507

34971887

18977547

59836647

29778847

62240747

20609887

61577347

31843487

51556427

23766867

12451447

38311487

14845387

89440307

46625547

45029127

44421367

69385467

88277887

73422547

99065667

3978247

54459627

95050067

4841207

63377907

50660267

67637867

82581847

42456147

13756027

16526087

99322247

89427427

68645107

39533607

86774107

60022267

81220787

4985467

66707467

24857827

55230687

61919847

22461687

64649887

25168287

98785027

10657547

2482947

7154547

45802907

18459767

73484427

27516227

44382247

27216107

28391867

40412507

97063547

40295667

20483707

56449767

34969627

86687567

70412647

25446647

15619807

60847227

80930507

98720267

48582207

6808467

20194267

24575027

24440587

32045087

25591627

39731067

33701947

31709227

46499447

23173767

26217667

24764267

61110407

60291447

11901547

19063367

93221207

81019807

38713707

35640107

81378547

22812867

5814847

35569327

48682407

76738427

42698547

19938287

79905747

18339267

51330387

61380467

42701207

7936227

56258607

95288307

16903367

90601087

50917247

80661267

76051567

44433227

20109147

43547927

7341827

83738567

17240227

91161807

64571087

75786607

71881447

80451067

93291307

9383467

46234027

17262407

93281767

60090207

13019207

74600947

19905387

36628687

34643607

17958427

15052367

68189307

82691507

15403007

30415127

67419647

37004207

7325107

43187487

81476887

30773967

25924467

44893807

64510527

31511547

72012067

24744887

32156027

6670067

81141627

17982627

78820167

90588767

45699707

42832047

57199067

17053587

23099307

92821427

51918447

74574727

72250687

56180807

54180067

6277427

89189887

71842247

95218747

63094487

4675487

609107

21933547

2285507

44186127

6599487

80167287

57648127

80100747

78520647

84768827

64960287

28922107

30817147

66218647

27558607

91968747

62152707

82830527

41586607

21923327

76406187

51597507

2060087

55779767

73554427

52989827

89233627

59457627

4917507

82931487

64418607

65795027

6140387

63769487

6655147

67531787

15270567

55118967

48011527

69967727

94769127

14938787

89275387

60834487

55283247

63166207

73309667

89785747

8082407

44463567

68634607

75487607

25197747

60735787

97484407

20697887

29294267

79465167

97934527

75279247

70284467

55780467

87606307

10894307

56459527

93349067

64427747

89209187

71701327

86054947

50975467

35382027

35130067

78319147

70159887

75476347

32212547

57953987

37108987

20743847

27065907

41375827

