33854098

57224158

1495938

81799118

89206998

33961178

39055738

28928138

95477478

88140778

12860798

8233498

76035018

82040678

5712598

19691398

2602218

88631938

9114698

59546758

27873858

98748198

10391198

65940178

9156858

43893758

66299758

92625118

51861778

52861898

21419538

22766278

23701238

65030298

19846938

52092238

95043038

27229598

11675778

82993298

27647298

64292258

85956138

80459698

3578598

67696398

59658218

71608258

42375478

83428838

2800598

34410958

93729478

74841038

98491578

44872138

95693898

69232758

73434398

30200518

76272718

77362918

33038298

78280298

96091758

89049558

55006378

97744678

6825098

78872138

80706938

58412698

76575358

61351658

97142598

89467778

38752938

58099758

37969898

83485398

10466278

21672338

6986758

36989838

68088418

87285638

25051338

98372538

46370458

16074098

38582978

27542118

79882518

40833458

43209378

27799998

97196198

54994558

61439838

76229578

91283698

22710938

89369238

43973998

40174378

31758198

78195538

11112858

39204698

48659038

53702038

47843898

81388198

78847598

48018438

42089358

79164158

57465858

8000278

71955578

43627418

70553658

7990498

51055278

98996798

64317918

61864258

57171458

88485838

21407818

20799618

50387558

66841238

74426718

68763298

18324258

91960338

20814538

86513978

62604478

70925418

34159158

19066938

31097458

56196538

76786978

53594698

26421498

6794858

16753418

47534158

21989958

11067818

90668278

76747818

5522678

861458

31051638

80162358

14845838

81666298

92030898

15437678

89970478

24690538

55086878

53411418

20907198

13934398

58961198

44832278

34711698

7509718

83393518

94955758

67388478

33299398

46390958

37532018

68117618

69136578

14036278

12005358

49492998

94310618

69173418

43122678

34635938

44291178

15499298

83864698

23086018

85883498

34463838

99023638

55588258

53168258

45274998

27227198

42346658

99189458

27702238

53930158

97130358

46691798

37272438

98365098

100798

31961598

79271838

49035838

7481938

96403998

59391438

63135278

60696558

30636178

71404078

97807298

7006118

13424578

29127658

22062738

45410098

58234118

50141518

27515438

6140478

11824978

95734318

53146598

84121038

48416878

85483778

10904038

51364758

59353158

12913298

6853338

64110638

50136718

33200338

86447238

91733978

68876838

84442778

62870398

12302438

64968218

98827558

95688978

42682358

93831018

87530838

31099578

26488558

4902758

71454638

72028218

84766098

72202078

8667718

55884578

36436838

84744978

17396118

25326378

55933998

16613838

70148638

43138198

70727558

32491718

22354418

90703238

78223258

99319478

14702598

35214078

18934438

58316598

85113958

40391118

37148898

25747998

19445898

27914258

19370498

46227638

72259418

58719758

77661938

36899998

57653938

10598138

92818158

7038158

30563078

10438638

55904918

47113158

13234358

12656138

93791878

70836238

23838858

47830158

83994038

70308098

76684118

32849758

41661138

33770318

79533198

97474598

39079198

4916718

53115398

6019058

94787098

89138058

70647858

15815318

78595258

15105878

87222618

68210218

78351258

73199358

59719338

23472518

92240398

53756278

6190098

94857698

58636838

97868478

64819098

97341838

20933578

35688718

52087938

69532438

28223738

43914138

54041598

34512238

14959638

18786398

28935298

57218118

12604698

24253598

90302558

58612438

35166698

84695538

71301738

42999498

12862758

97457818

43304798

2107898

35037298

50125238

85017718

50299078

456378

57429338

86589718

54917078

8893938

90023358

31269298

18676478

77569118

90805398

45760978

65643998

60962978

42670658

74078718

72517258

87273358

45670478

58808338

17893098

29862138

10600278

1885798

43055758

6820598

82777818

98061878

47850298

57831758

557658

62167418

60930118

39468478

81406378

56819958

59704918

16015878

96623318

65929598

92033478

60639378

24601418

18050458

94614118

45014238

97105258

7647378

36765018

79827958

95722738

58941098

26941158

98616778

21260218

31017938

83997538

493018

98908278

47539798

87551798

14854838

15533578

7272058

7244518

85698698

99137098

71692498

68437058

30254918

73788298

62575698

13940358

36423018

10282198

5111498

43331078

52858278

91749578

48116458

11706418

84389458

67380698

97911438

12562718

94561498

12128998

9188138

32703118

24755778

70489818

8530018

53445938

89610158

87463798

76182758

75575618

9527718

77573558

89198818

6982758

97881438

28199878

21888858

74313138

45943118

46064078

34947978

32369958

28968898

53399698

31033638

63312758

7502778

43891718

76089298

30617638

4275978

70499738

19787198

19300678

41012798

95019558

5019498

84103478

33638558

13366238

91508198

7738938

21683318

49464098

44307778

92032138

81445778

26909898

97820958

78365518

86165278

8241978

55681778

17975358

7045478

25421038

22882978

41732158

26880318

73468338

11321398

81380738

5706438

73354158

68804938

27790338

8139918

84748778

1924938

33325898

71516598

16310858

32234438

97520558

28436418

59033138

