69825753
76495973
60634813
34226593
43421913
63236833
73222433
95698793
18933233
47260593
74349313
89707233
98708873
4859213
90818493
5060533
34670553
41535073
96607713
64857593
98375453
68490113
22233193
37462433
81651913
79222353
33339973
67376793
68405273
77842593
85049233
32997113
90803813
47648753
65541213
30976433
90062893
90038293
64779053
13483153
84094633
62799573
20928473
68675973
5299273
49920313
80441553
79547493
28837413
34773973
64183373
48020053
97087093
8916933
60161793
52244393
11061633
41204033
86161513
94873473
88623473
65650113
19328993
50557433
83065833
88399893
57682613
56311053
56558533
60089153
18206013
8148933
26606773
40924733
24283793
84923093
6933253
14214873
27020773
3487473
45457513
62184393
32638713
64658673
52156573
81909853
92938253
92558613
35449813
23207373
52719413
33446273
76613313
24919633
11959553
14403813
21367513
65873853
60446813
35569433
48830453
72128133
90795873
29437553
72409053
47522553
1359273
73079893
26977473
24715613
50344253
1263073
65676093
50225593
71349673
4658333
74320733
56737113
91245013
58151273
71422393
70663793
28659293
12777973
10760273
76883453
94163113
25062593
34447813
49822893
22089553
2924953
74932753
80920093
16976673
93200373
99544873
49333253
70476933
69838333
21728513
96200433
82398353
71673573
16275993
59492913
40690513
98554953
52528413
54435913
98972493
90214773
95809333
41382893
61570673
64867273
1857833
82419353
19377493
90958953
26508573
14585593
15306273
60476413
56034393
97546353
12671353
28042213
8967493
54929413
63640913
37394593
44532813
24973993
51585853
36964733
58403833
38698473
1667033
65339953
93401833
7426673
18336593
53291033
45312633
95994393
59157953
81484353
12650593
26584453
23419513
25449273
30305653
24938333
75447533
70525693
27319813
82039233
92037713
8843953
39041733
67887093
62285993
86918813
40969893
7021013
18753893
80770813
24712473
24153153
83492393
2662353
50350973
52364193
85526033
51855553
66379633
84141793
35274413
82176093
7085773
76486433
41985613
18726133
20558273
13733253
82829093
37221793
86285773
48801973
4345273
57008093
79401173
65057673
15006933
30205673
67281953
6129253
41123513
87045213
2795313
86827633
98982333
51896613
70772673
77759893
92286993
79270053
61580913
15702533
39530253
9450253
20137633
63453073
65605673
76514013
45891913
39395253
66817453
54473213
7523193
94945833
47367993
71257313
63698893
12041993
66945053
89471753
54155153
84018733
46966333
88925013
257313
61209633
15806013
23994233
967153
63321813
92816673
20469513
96915933
42549853
17124853
12159813
38987673
89429273
91700953
4163733
80446133
1770993
4640153
63233633
69569053
89642533
35103433
57504613
74401333
92540033
33780373
10946293
88900773
75107293
68927393
72286133
17138253
58543493
16232653
22142553
75424133
51652693
24428493
98785253
29344493
54579033
23847833
1564513
45837433
24595813
20014613
65616973
46965213
38216653
46374613
61495993
25466113
76702313
12989653
27999073
94276253
88078433
79322713
6703313
45288413
86659153
61223733
61868193
24400793
42192993
45054113
94308113
42748173
45307853
58695913
64010753
4349533
71777353
72998993
11270593
50155793
23488393
61495593
31247893
26732193
27093593
82423813
16668393
13399933
15158773
39238593
16022133
79732673
67970033
13093653
18919753
50435953
9315953
11314213
17541493
94959353
20962593
53688013
80808993
97158673
91349653
12081913
71444853
83133493
26360153
41822853
641573
63579873
6377153
56324333
45153413
5318313
84873813
82723073
76726173
32956693
81799513
72227493
83479513
27632073
79388713
4981433
21825673
2720093
36229213
4692473
48962613
43824973
59702473
13165173
66370033
56702273
75383093
69301453
75538773
88700633
85420073
76561933
95173413
36862033
89822753
35319013
89613133
78278873
39588093
70093133
71131953
72349993
66781513
51727233
59624573
25822033
70770953
65688433
72541013
18870573
85328393
24641253
50397033
26101693
16447473
3209393
81236833
56027753
39216973
41398053
92920153
68042813
96972053
97032233
47186293
32628553
34985753
30887053
46970833
46556953
79498273
72280573
46884613
12467193
73716413
34508873
17952693
4436973
7839473
90759013
9235173
56033393
24644493
239613
96939313
29856133
12531213
19123993
87022493
95087013
5276733
51813073
78298413
91670373
38917953
29974013
59011433
81143533
16325673
3782613
26677893
96806373
916493
29304493
49593513
13945593
79656233
96947273
4259473
15470673
95290053
84738493
14985793
15164993
44996733
39189453
60238033
39740853
32751333
49017153
25845213
21190713
27579813
42520873
930553
13767113
28368253
63874853
71613913
87286133
20070833
34231153
92796573
25259913
66621993
66386613
56676473
25569113
81885293
98466173
72532573
9893433
35011893
8305313
45328413
48610173
95574293
61982713
85167573
90618693
46939433
53377513
54020733
2962633
5920713
53220873
50613
1936753
16441673
4662413
33527173
43099653
91147273
90251773
25046633
57734273
93524933
7713073
8450713
18957933
70524913
