59247436
51778056
47754856
73552876
43037576
91593596
8201356
57648996
95239796
63888296
27771336
75677376
66885416
64633536
93157836
64390476
70887376
27178696
64402796
69031456
60824816
72621236
29895676
17559156
51955996
35578996
35959736
73446376
51989416
65611516
76213816
27107796
40378216
62612376
13803836
49208496
8132676
20645776
93045676
69068336
62468416
39090856
83182076
48408776
58082016
26038876
42592516
58016616
93695616
54894256
12834856
48026276
6993476
36816736
2158816
29037356
85838796
87073976
14843456
74647176
70071096
5390876
9506416
26332396
46939976
34152896
3376956
90665516
75816616
2369816
92093776
53211016
64878476
42881016
21157316
24030616
74413856
59335996
52715976
78947916
46758876
55514936
40989836
67913116
88567236
10467236
6670456
96182616
58876896
58064276
50447856
91429436
48667596
20484176
85501496
31840376
17844876
4019576
95118956
22184116
73905896
33279896
93910376
29793916
73341896
74202076
83483496
47704256
86617736
94929196
99696156
42650576
82912636
62439916
82421556
86398616
40151156
90631016
19781116
60042656
27551856
36861136
22163836
22090216
24101876
31548936
2375976
66888356
39191196
90922656
83617496
42488936
13929096
6313316
85923396
9344396
73839276
84104416
31852536
575376
87263916
62606336
75347836
21107256
93508296
57165536
60855616
28223496
13712356
26486016
82920556
85853096
44156696
50568776
93672076
18597976
91502536
87522016
16038176
93689016
76083516
86104816
64458416
98928356
1032536
54394276
50088776
75088436
73370116
17903276
20666736
65783876
90461816
9095296
49264216
66313116
81967256
99894976
59943596
92279956
75119496
79645256
71506676
44611116
69163076
20506696
4551456
56234996
649436
95188696
40229096
59055036
33480816
29982256
44491816
59077396
23522496
93289836
1837896
97337776
44419496
79302976
12295836
3663816
589596
63391576
48080196
86135156
60052616
77956256
50752776
45923496
73691816
45030396
2675396
97860976
28162636
53004836
42303436
12083456
86474096
66471676
95336236
87109136
36808536
89663316
51945396
13208096
9849096
24564656
3437236
36305476
11792256
33175436
4414136
47702316
40925116
28457036
12344896
13725676
59849056
59242456
21272616
70712196
22785376
26770576
40653256
52974116
67900636
14350296
26297296
8959496
80520356
47318196
2766896
943956
49694636
82964336
23231116
80585936
63645176
16537916
93062476
36827076
65497876
80826176
7661916
96145556
76458476
48293196
12220356
59600336
15773556
97861976
97644936
97166996
53797536
48558056
13803616
92522996
91126016
1784316
32513356
51158916
96507716
55129536
18995956
76411876
34020716
4758676
61935016
70006456
34088316
79790356
42617236
19104616
79617276
60594576
11568336
62939676
15902676
74037936
68048836
66934096
72726556
31791676
41063416
56475216
31212456
90368456
55070816
34140296
86906896
5684136
54588636
20543116
95774796
20402776
70213696
90339876
29037456
91024596
20355996
97594616
97022676
65651196
79712356
23074696
22245216
66762216
42585136
71108456
93248076
27007316
32554156
22025256
87270296
44207836
5310536
52102916
74169736
89351716
49536056
61368736
84688536
99247736
82102296
15058916
74329176
14239496
18535756
76079636
71999976
16805316
25523776
15207676
60626056
66674336
36087356
82399896
60016956
22612136
87319436
41514856
67544776
80968476
45296316
46132456
23017416
54765376
33570936
86187016
37341436
60930536
36628196
454916
76560156
29798696
33697136
42864336
46442196
84402116
80294296
27585576
9598636
98619296
71315996
71066256
81310116
94702196
30129176
34957576
92169156
54315256
9379996
91609676
80026256
19832796
25896616
14445996
43324576
62098156
51545616
39458336
9588416
96683656
62158396
676036
22097856
12089076
5708156
55188496
99277016
56514576
48302696
33237956
7359536
48844276
58494516
88995756
27266256
85157676
36006116
84069616
96642736
44921276
97148956
59604436
55969776
4433636
61252416
5581036
26006996
17799316
67272696
90707756
9278676
40971456
62169576
16738776
86110756
78571576
95535176
28069676
60990376
9158916
95966576
58074276
1656256
1541916
60102616
57297236
73043776
67167736
91183516
82319776
46666656
24335016
89047016
23023076
8368996
39110816
56338556
54064896
52541576
55311136
72588556
31640156
94254136
96177676
77256536
38255756
39510216
1178556
44235156
18537196
59889076
51429256
65858036
79407056
72206056
65195676
38251536
13726936
32872056
98955156
39274956
34455056
86990456
3979396
25533816
27633736
77272736
78964716
30294136
27055156
16000216
51319116
51126376
13214316
85466456
37507876
34030916
58550276
98468296
96971816
14110476
40670696
40570776
94900036
6892636
3129016
48490596
16321596
8571996
68760416
50698196
42050996
56922276
23276516
67398956
42485376
66281256
41093756
21463136
79712976
