32402126
7202011
9920475
42325864
68494042
1321579
99702869
6419982
73943522
67748712
19975195
72757894
68693462
54810641
31530378
7453146
91829235
44954221
53777115
26214586
76257553
40797656
5423885
27195740
62055983
9694642
29227444
83245716
76094452
12896726
49472875
54697824
90633598
44497600
34600674
6131416
77310273
37355015
27856090
86643287
3128399
14078815
92958449
31157783
57514636
63505835
26550473
29262158
98936390
16887296
55037625
59227458
46343832
22807373
91007580
92810783
4571975
19094184
60659720
30397131
47272637
72822089
20030385
5585309
91438966
15090711
44982984
12523641
45995806
26250159
17098565
92885292
27847485
43263720
97314448
92722014
4212918
29713759
77102396
74874341
75986384
63184952
17210001
58447197
37302356
36760684
3992114
99811828
23582422
62802986
69395075
95415392
32768688
84000815
66631330
94934457
18760096
57454483
48302665
66754940
69602280
8569315
90979258
80399707
558330
79718791
33696493
28541625
60114868
24468794
79082917
69150099
56211174
76544377
73565700
36050052
94667433
16262812
67231374
2287535
25927678
31816225
11299556
72241633
14689286
76576212
80148726
45777383
98129576
14463456
74188368
68285413
56378107
96852372
56562824
9542377
47121353
48063439
49843318
10458818
44843669
96314642
11282229
1300368
48951366
76151618
62148136
14597140
23595743
25007702
55094442
54022880
87827804
46613617
97906909
42730850
39282898
32410575
30767733
25695748
65718153
34380791
11477466
43232240
91491129
32409295
44916221
83350501
2623050
65346604
72643140
81937519
8813281
45163451
23336817
10888796
11802517
27385344
82781853
1935623
89186754
28823089
10042533
69766857
57313898
47038556
38668251
8358031
92376014
46168543
80028899
37012214
80779389
50189813
99391823
75676534
42026586
37635965
37105446
80875791
80946156
23651119
48377917
53293009
58498821
70036142
83944901
28625394
3317730
80142704
5657927
69840133
73147392
66394655
60010363
95788410
14644899
75634642
56931799
98652124
93542208
87371581
24498341
748820
82350689
70302363
18032910
27928616
89909133
45944972
70625586
98770916
31092332
94106779
23576861
11502246
76250850
46877875
17849534
57348677
89783541
88175574
57273776
59421923
27821971
41938074
93149019
71548281
53992552
34254692
48839846
51582768
29120344
2494933
80659440
37251561
11353932
77821510
17789719
38739571
53747268
43804477
91402036
79634977
88202711
58418363
5188402
53811087
16379097
5875858
69025054
77653529
66240061
89184756
32579059
25552800
53286490
76348103
98852600
73296148
47793394
37602016
54070151
1107110
79194171
58042558
11557160
63393799
70901925
10594597
84426545
13076436
40628629
27570292
50570730
7812715
21046081
12407657
73070717
49383997
24040940
20205218
2200234
15411284
80639844
98379255
99814386
99789927
99534288
21960309
96619670
79386446
30855392
69915738
28966836
4970119
6473615
28090712
32751405
35954048
73444110
64019212
54189842
42176492
556427
92525591
44241739
86483168
72323590
22982389
58265482
86429633
64077940
65030017
1432093
51417948
58920935
51922667
401350
71665362
68280868
41090297
91244290
83263330
16016159
93737891
56242453
78255485
50418470
29202367
90325362
11574866
69298428
12791748
65584414
16603445
88678273
22726712
966687
36551021
82583144
70584033
23639745
64432107
21959349
28279288
21865769
92819197
95879909
39444493
20748198
22555681
18224180
64617116
49176192
51159638
6739854
5889966
29382096
78099052
84372697
57417396
22185423
37274007
8228081
62075968
29632460
32097603
69221169
74614277
99138461
37990839
93309773
76268730
49145205
20492390
75966916
11265284
79856725
16072418
27628784
62241679
2866963
12127622
27484113
93921451
97061323
9993779
97876289
75655255
46645162
60651684
60273655
75660649
73867801
71254787
99646120
67564154
63836498
22749564
11788444
62407537
3924112
88914594
50485013
87385668
16892381
52772156
69074079
1041772
6123379
29107163
42948893
96222901
6601636
65013461
59769693
9590487
16285720
40230783
29219269
83613414
13171312
95209255
49276096
69247937
3570227
9915839
51339164
37271217
95540248
68002469
25404437
10929762
96362458
82398932
1322693
21841390
14503745
68252563
29227984
38256304
55146907
84280156
94806745
7484716
29691153
69266715
93237290
83880295
17949734
84151686
46750406
87546772
24303200
65541213
71579968
38407637
88304480
18709238
80291756
73388251
60842303
77468637
46172576
52557318
58114762
88692524
65422689
33768890
31594014
31384352
9305248
27056565
4869165
62523762
37801576
26639930
46761965
27757408
28636186
6988573
51084488
40917196
22888710
89826600
21919297
17569578
86670145
99590442
86541796
35066951
54774798
63274498
25009988
1337418
39062006
66928487
61727976
18330933
25982696
41126896
1473374
30810909
5976512
48104547
56965384
6348932
7623325
31181325
19845951
74534238
23504241
62576691
53899412
903429
57359301
13165765
62309104
60298216
63511487
40843762
4503268
11744340
65487635
69632929
33422159
562284
71254491
59361656
98818299
4817089
52368820
54310351
79080866
6957957
29573845
49254200
89714132
86241513
99198265
79566546
37942200
23451243
748744
92341337
84038061
17030684
2643853
19296840
2552162
31444426
91250512
22942687
82339956
42466671
21102906
89018994
87455997
68472685
44901529
24221645
15431941
72366175
95406775
69177023
35770451
85618685
66153360
13617763
82278396
6048039
47240552
26016090
84531795
72158731
7003086
81918970
66300585
70957228
8374868
57016797
32570086
32245161
70308622
93495227
35050732
76659603
98807047
24165158
24316001
16794533
74643243
59553241
37560671
73214953
82250046
17190344
49092489
52057195
12605153
31540513
32230005
81235011
80078102
82919450
66491170
87517892
57901217
93181888
48379720
63555145
6460415
72833997
28426953
74574261
54466153
95222895
48841183
41406196
39775953
33389525
40804245
63601982
995997
77110834
84351545
10175570
8635923
94812226
3077318
47269450
84158410
93443610
81011127
58828915
56151530
16165906
31035171
46805309
12735319
62900692
84430323
84288120
47088919
71035756
83288203
16639696
88478968
93217575
4924117
33581178
54249593
78619382
27961882
17205535
58356898
23171169
75871356
39992764
49157181
1165842
64595336
59850881
7806327
67645840
59428276
73380442
15619128
14322382
21376977
61534741
71419537
46173109
37174772
40766977
70451747
6710764
14003008
55586228
50284327
66569443
54233859
21473220
58823295
10106399
76017788
43773072
12505351
89450058
34806695
25716581
52979245
14823845
18620899
67816874
77038742
21107074
67679935
49422866
96231488
89871370
35691029
1082987
37208655
38217922
86589247
37555370
81711622
46908195
67832727
30151183
25876637
23572855
32580158
44339605
24566579
71144180
44231888
26532249
20505870
28447251
73812481
42956405
13115409
14011053
75060880
68131186
59786579
25331212
81200319
16731339
60379870
49949044
97434099
13449680
66295523
23049425
61074227
96646618
2456296
95795097
58853429
24014819
60289303
32218110
68629348
47870403
96139703
6626216
12943714
73400188
77720773
84363112
94318888
54895857
45547131
22713705
72295190
23543162
90559948
54530093
66873468
4489903
98419738
43493568
35894351
71927860
25507784
86021884
65695601
50025100
15980482
23962815
48770211
7588814
77868055
20399938
90349889
74614901
74112853
70449805
47189423
42067325
36892614
17610198
73532681
69481257
24116394
66177520
75641228
95672067
26193700
78542675
71745508
72866943
21536727
69455438
18005193
91704551
12255756
49158066
42138706
78722414
1418557
69088133
11229304
63780524
10130927
51106542
90045119
50142931
16943760
70261459
65969530
39840512
63294560
50656673
81567868
33408129
95418633
42935198
32580705
62290952
6900295
41065688
63869784
79086142
42665267
2130127
57803962
92482218
22808557
34249765
20111750
74679507
15350376
55237746
4302058
17058945
51312851
34564830
95230264
80815685
47261819
60323132
93723760
72623021
4167
21134630
47733794
25724901
20841327
51171517
38593788
12934789
2894083
14600787
66594413
79429113
63586025
45956973
769687
35004137
24339205
17553565
55648052
67254295
72628153
18621478
69758161
69807477
47179109
54352633
19246391
44480154
47267920
68700551
27353335
74120366
25940945
45253126
23381381
11904972
66023338
28990967
68280678
55769946
47115955
46476779
29998608
45160808
11091085
10095144
27785926
26846337
57692002
477773
82891599
24586123
7418116
8117084
14578861
91914487
49984849
12267668
61878963
48752648
96064384
56682867
86493710
12024966
74493717
65874444
35369332
58946676
42256094
8708409
16534265
7949325
35793821
91491555
26460461
29579146
43196173
47542289
63559905
7516576
17552388
99449347
16768723
82864568
16472084
51578634
64412268
65025518
52718486
32764620
88180204
75570805
59021047
18530647
27079028
77176406
96174827
70533959
62980046
5782900
92775008
2822952
84193890
87461540
80276739
2201050
52438693
17749707
15029915
13701695
75849413
71097306
81168256
86653
40803918
48415136
29883602
300649
9915106
88174021
77328357
34525419
76560197
56270657
48250322
64587890
38732695
12063114
35071352
91821774
58405671
16359896
7209391
29396476
19495052
2706213
31388985
68417257
18005023
5746816
18562591
13599805
21204765
69871237
61506944
15844851
35612627
25472044
86731572
49595717
84438223
56067968
5326456
31787561
88796771
35930487
17051214
14000884
83047858
60061760
96142745
21186267
3802084
98103185
83087622
7157973
29227350
77997519
3972679
80678411
56298737
36986942
7522828
97463657
24333722
6302163
21282111
56636447
49965599
72799024
53349914
83367581
70534512
26179017
72989452
74868408
64919424
55363509
21927119
39912891
63171861
43038076
29481451
3715600
63898103
55440776
48985504
93709937
95075467
74926352
31365664
73108034
65220231
58291825
74749495
64201493
12410183
15314417
71205166
94499022
39018002
56075907
26805534
70470082
28756915
88709764
14751277
43892404
98528110
17528314
69929607
47898909
2489353
11104957
29039601
57033296
16294990
44530483
44053241
39646574
60588309
13331040
74509240
94615897
94777223
43372585
20709028
83928488
50319556
20756340
11724955
6089897
39570764
19990084
22144243
73500425
18285561
26899468
75548343
27134254
41675788
52612437
35115864
10988861
10483049
53898419
7355171
96393851
8252164
24006389
95844471
23626462
50972906
51812817
71952596
65505502
6162405
92372530
88268660
70157169
62080938
91454098
40590453
94455336
60100894
46735789
68283624
74969611
60786557
88771618
96359838
22613566
52120786
39285879
14997568
69982804
69610344
96427795
1507429
69945314
77868674
67903479
57097196
98073394
59357326
87300977
85468999
61655679
43380478
24016654
79676961
94716176
48654910
85094624
90717612
90403417
8801097
47482422
79907593
57985671
47947485
87806809
36257530
29945332
80133155
24727757
50498438
74575243
86345237
48088001
84266801
34095505
98497755
36861444
65728953
68889096
6059578
89386292
99802298
42340767
94708383
41864122
48237909
25555597
75481362
54356835
22779156
11182700
49191178
94564463
52450782
51185056
89706778
27977309
84104287
76114042
60211252
8885037
42469935
44886825
53463230
39837139
82921068
95794728
30734629
67609209
82540427
31103392
89020275
33073458
81844034
66988821
5787988
13568742
8257204
12311979
68344165
69745580
41668261
77976387
23178606
77432956
38976163
46077172
9384880
41191842
33696189
96009442
34609159
69941709
54311340
62644125
5234597
59147606
99876776
46578216
35884821
82728191
35066183
6006027
45788882
14305494
79154386
49487347
36036876
16071340
29089991
67422191
56712465
34383450
6385985
39001329
70055665
35351522
68630392
55488690
96320158
66261622
78955752
58430060
28548504
65483766
95713470
33883348
10979786
48097244
8467560
59568422
79574222
96427511
78729112
69628976
66485132
71481146
53326159
1348143
52503517
31002822
25347283
54943592
90096036
37634860
82041080
57827357
16609505
14093205
95740007
85397374
87122278
70886517
62004157
65745004
98221219
23914860
72735660
66883809
82957628
4435065
42980388
51510298
62719633
86143158
43170097
40526412
68372748
7075669
88602554
85921858
77193194
78731771
92870100
93596016
54931668
16396934
48049018
22813748
26414731
5400243
18883681
74857147
373926
22985318
4906815
2200421
37315786
28258170
61678018
36527629
13057263
65519448
34377428
65570720
66739147
98902835
37816797
91478077
89374630
48208778
85300795
67315638
86638592
10548150
12821931
2969035
75846328
41954005
84359404
3921967
77003561
50045871
49621702
23401549
82977383
35712555
64535247
60097012
69366017
32974949
23568075
60738264
67806864
22654621
75248132
89396737
73233051
98841401
91522531
52062356
60653670
2987389
48843095
8361617
60995891
18794477
72863017
84157105
95027289
40233292
21774765
84384501
57445992
3043821
18813375
16671151
24967039
40771225
43230744
33590914
59287710
17652123
18106380
54394117
56877930
30855129
81319853
50112543
20153598
94012445
64472196
28137287
85111649
14684993
89649810
21047439
37096576
97860411
98309786
13837065
25244687
3110519
25049161
25817434
34021632
3854280
65859122
64228761
79111152
98038503
1758409
59118185
32518135
97838109
19216457
85707358
32874318
83499762
99767115
38347260
6174131
93133841
88786328
34505705
68554792
12440423
97756877
11210368
76919802
83195971
77676512
61614043
94920242
20884929
11550872
82663111
56419174
36272173
31867469
9439603
33299409
93762837
8423091
9237353
90227178
90001595
55718587
49987804
57899033
18004581
36685068
17253299
41010934
36819214
34924069
97533462
9948499
98890970
56115934
97826071
15314084
49513801
15737737
18711432
54836758
45873709
38652069
69247660
59567064
71345847
65883040
95434389
34576861
15824544
71170285
25469873
84045470
65974607
39863465
8367993
76840945
69922616
55030994
6424262
17450782
1231548
12211814
85627584
78968716
28176545
89712228
90456193
23244936
10027047
28814414
3020847
54606172
14817015
51280397
70864912
72929820
39125851
43238868
16094064
83797756
66406736
72010861
88380134
68914601
2879205
80097507
86026103
60643737
83316186
30564615
31831215
16030745
49947282
22610573
37417779
24807774
51671891
91981729
59429035
70351106
89251506
66701823
2758781
16865105
60474660
90592485
2870479
67516071
82396727
68933
93039900
8650190
4520049
37656965
49565364
34190150
17356403
69045693
42761125
98411794
32812602
69667443
53641353
34231503
54214585
9402418
87905254
95485256
60123898
61242836
62229174
60558013
86726421
58410821
89255267
6083340
81256595
12417835
74835405
81635943
27789197
92292584
47727049
38596039
93071163
82921091
34548617
10906926
97901028
18108445
22517832
30188
41156654
4876892
42727690
28868083
29363875
57626533
88490772
17700125
48083565
27603356
46718352
97384828
51916184
80362252
68171457
21656298
24887031
99907045
80484947
93406552
38738023
60935332
35433691
86645099
22226751
98826640
58991751
36865628
76699492
26082698
66693262
77567539
84667981
5396385
5655556
49984448
13679048
25550160
78196794
57600199
34499108
49573980
72669075
75212001
7522309
92204014
23012987
90047150
24976682
7451563
45439357
93215534
74852186
59633203
72791064
15092054
36393617
81363803
81094352
82580160
57405801
21441077
63128386
58750935
92020703
59553966
51782992
58336193
19323239
48991267
14307383
23332429
9967636
53781724
747752
78269154
49839625
55811786
46424357
168916
53022904
83399854
1798337
39109879
32707571
2626166
37329866
49412775
38657649
31444982
81995052
90311874
93366478
17315988
83520946
86944398
71570201
51469182
23240133
28812137
46143270
99137774
88617062
23993551
28701534
34817866
57550161
21352953
47594044
39600617
19355234
15342989
59805761
76582797
7652220
61478408
45276925
74679129
10642920
58881343
15171360
10120460
98966559
85619041
22603569
87262095
35279939
48451939
83080931
17425967
3999428
78188238
5535522
63966719
77513845
89081820
10871673
90705144
85103003
20814538
11219420
68258040
9534164
34553987
51564045
55199324
90602652
56455929
11535782
17346212
77686077
68796061
61132559
4217817
83885105
43821878
49989788
2448082
14665474
52162763
17864079
95574498
12619762
70210384
62468101
35254116
90403395
61580025
42570334
17226916
71731748
24541043
96684734
81062896
60591617
78556886
98292769
82334467
80454167
96562926
68461912
25166768
29043601
43941726
10940251
46544980
75459124
64932608
23419935
71681878
16172419
7523443
87339308
46541854
95994178
15540265
51614625
25508670
41210006
18838182
66780180
88110571
72689146
81774680
1041324
86093941
48196723
51493018
17403166
38456015
68691927
60855549
87204097
24284343
28465110
94648495
54255591
25778918
88051162
36167567
99409025
91998826
22342432
13741047
28294527
3578630
72869047
9065787
52217619
86677926
38995928
48179020
74258330
34216340
92559746
17047060
58093877
59419005
52723327
88266876
65016949
2869328
81596332
23407664
50034360
91894645
97916349
97876059
50892852
25108644
78971857
92929041
62763767
92927021
59551022
94372345
31419023
93337275
92861451
10103776
95036712
12025661
77062126
4058384
41221596
77833420
27772702
90897309
78439384
92666565
22077354
11858641
16423942
85836223
60736191
19362807
1066776
41829890
30588385
68986668
2910107
70192783
19565866
27475983
85989147
69842545
86698255
20010691
40901330
18363741
80468870
36426945
1228145
46838717
27522176
65626769
56668518
42567356
25358448
33829213
29562676
27416406
85784569
18953111
91883745
76934854
88073374
70532899
9447982
62719759
84224710
74657006
11950910
66318982
69218802
20350941
70974796
50474040
95261786
12983893
25741793
24674522
99462067
51278803
85865028
18927672
83634400
33504746
20472745
29956525
89108078
38911660
15640992
56934177
25959965
69220065
36368840
19993005
41142124
89965233
46369443
4193048
61129179
26480493
99144942
19630834
34488262
28534419
48836355
23405266
53273306
32829965
44453712
59007308
81502074
28215443
48291676
26057343
38463735
29437156
86156110
28825403
6291283
3878579
5330762
91024835
4692614
3438377
57623879
97574454
72260090
96528720
97170813
72572923
28722001
12276345
72860328
74598067
85406396
82838565
45782
90104883
30374666
6482315
88422063
5276768
3282415
14255352
2618544
36663995
28394322
2809493
77436398
64882512
59036475
52616948
20790736
22427017
91542783
49709458
45902218
55166813
19743415
15815668
9873432
64336298
59555652
72692968
353301
34390051
18771473
26385644
96890815
12264015
9421800
99870677
5786763
49364000
3162377
30422068
62933938
25371519
47800623
53772342
9567149
20163763
45937344
43944480
32228074
84309451
77218135
76030062
23487282
91438582
95553966
71386749
92431121
36476449
26696980
9053778
10169898
28619284
83311559
84880863
11054294
87037638
81356144
24282109
30873153
86336341
90853249
96916042
50761071
43847414
73509896
31979304
94307350
17166220
82380482
26018466
42538674
25905784
97499424
24923879
82560474
63447589
11931450
27846950
65995644
55759206
2884785
7308363
85080328
19716893
63388738
1251894
40485310
76446337
56583642
43187439
76657319
93000891
62099192
73371824
48275175
46372539
27180575
85507308
4181696
35150004
9365585
57175328
27197546
15261667
14546457
61850160
90676457
81703454
98909191
90702583
28557007
6299459
28600348
79305965
94209671
49545509
37778183
10961294
88236670
76103635
70507153
28160076
46802419
84332200
82485943
20927766
65304078
18994024
77999133
93977310
54505640
20844728
59826553
82379909
76899475
68765626
59668436
39424079
76390207
37964597
42475371
10356341
79789448
22070385
32398012
52805058
24090844
16520150
88232758
41479936
17538232
60757603
41757007
49217091
69387737
12539042
75245743
32679985
52900020
8002157
64039307
11260276
54139063
73813245
22291386
96666100
73753425
58757367
13230281
93838368
82796894
42538522
51742199
29768801
8433758
87708576
98640350
82429834
14421641
10459639
3701402
75596902
98912125
68365876
85249026
80102256
34256390
16691309
55616247
53613708
31147777
29221
62256746
61607426
29559878
22226264
24130730
20532615
91557353
47279549
86306931
13912500
21200680
60227339
37166377
27922138
13072543
88505261
57294754
90770019
24020163
66465434
13541574
41670359
73481437
84657370
57055016
45250816
19860678
1033848
79481633
43398567
91815352
60794092
54001059
89893004
60239473
41283980
58500132
77728365
25660471
21924334
74308994
67179578
66889045
12774522
55159215
58841213
71820564
73756744
31544100
3022280
27320358
16583438
26668122
12844050
77215849
79789403
80209238
89059962
6678847
94868440
386401
48087699
54685484
7872709
65598101
79005861
15499075
79744512
83655177
24514537
9919302
10340326
94848909
14311983
83232357
93012974
97733415
72209154
99432664
48288675
86883076
18423568
86589374
11256130
53858778
50645070
49639353
62201047
80371343
47532928
82627224
46150146
37375957
34629393
55654693
79447257
2621665
45191023
697147
551135
82750557
12787941
49380649
9575973
54662152
64772789
4537332
82125919
30906243
22638563
20654843
19770118
93098056
79862421
29866907
9105580
92405949
7216150
67618142
24999606
49002421
95842615
66382010
93745229
66127236
412026
28919470
77484616
64207130
55635707
91793896
32852867
21706754
68570357
3468836
61621663
97028874
77403099
30025443
36594353
3527986
97955096
40458961
84906649
38334368
65707596
76132994
23413206
14622663
76541656
57731879
95468089
16252069
88889236
33378390
42982821
15230583
58032603
63989471
42971040
87686153
27823248
7616729
71772739
20362339
50338277
38767724
53378702
22686242
87152028
75519781
13238058
16601406
68053985
45080342
10468417
5655966
3719975
99874334
47299824
85137596
35581683
94892330
38850606
94185302
63705683
7644265
12022217
24915880
29228324
3711351
37223144
78878401
99930825
24202289
95474749
33832325
38039819
53137198
56445736
75563037
9431663
8678756
77317685
70194722
32191852
42926178
83353005
56161277
1527411
765325
26978548
24066416
60580322
85098834
40658112
44270693
80251219
8103654
83881341
92091692
35895677
48293495
97516458
24078342
76356935
97709771
96759457
80002044
10568829
35899440
75403324
51899599
41276533
98369116
89776913
4739280
77649352
38887813
34622211
61242513
45130209
45459116
74238295
51349057
36820756
76439601
27117753
25207419
71633231
84411870
86829430
37189004
77232743
96143458
79499886
72001686
48538404
55706332
50209759
72292377
67931334
57872647
94752653
35122137
87426499
40640339
85114599
39013926
62645706
69794327
43772329
62376610
52417218
90416694
3089652
2168544
47506270
10712994
70367912
43341360
63400091
4072769
23725848
71669646
18841062
90748703
38234601
20972431
55363824
23785604
10071503
12723645
8371316
73802989
31812333
73103637
36908749
47412490
10803063
13857366
48867958
10878128
61750953
85316927
59290241
63197942
21699237
32142332
47660483
8838373
39174627
94943582
6889551
93849596
3864570
10302918
72805962
91361424
18422305
7160923
1855582
99176739
44666959
97250204
31757680
9042218
83189566
28785581
2928873
52673836
22178291
51475559
38645093
72177092
35068883
94213649
62487130
24338301
12400326
95545698
10230051
55727146
33886585
68921649
71054462
51747080
45303787
58536766
64205365
26065203
92994195
8819853
12624228
93080092
49812131
23946661
86607640
72580756
78274096
65736179
32046530
9691212
9044956
88951355
32429960
18420666
55943780
99967526
56838115
19495272
38349555
82662816
42644149
15072837
59864430
40261909
56349637
35148581
69103695
48090574
779324
79017379
87634615
58379690
66024963
87898454
13459742
47452850
47494189
98622185
11445580
62035305
94107620
93802811
5475118
34347941
34477905
88557078
10643817
36014122
33813223
9084575
17647731
49173276
12982708
84103855
4191744
58448025
64635946
34288288
55935001
19289397
35477680
11637607
11084398
38040299
97699856
80505998
39141530
96525319
91728717
67976494
95636591
33440866
53907159
55857646
20850943
48361115
56423545
42030129
37450484
31956392
12532795
6307332
12785385
4498424
22089617
7936876
26504872
30275193
13040037
26979364
31833726
34556295
11998708
72692232
84831722
44673340
97619022
23617989
32625026
59142167
63101798
77712196
85872162
32934005
61901757
95147397
58967943
28966958
99666818
21236202
8105635
91099359
33679934
86334164
82475172
64754199
33729875
23747
35659791
18375165
44467127
39662822
70925269
79669304
43469127
88721308
33655513
97242212
48921823
48934168
42909618
5124457
56186868
33985216
76774700
55539277
64811772
89186934
85681639
64563255
38526257
96421893
91932676
95466134
36683856
32137006
52526490
10837146
20974377
67683632
87739224
11897444
55306013
45811895
19328417
83290670
1768284
71738722
60759427
40561264
64894071
4959420
90028503
83369398
79218081
84720871
68011155
73148654
77304890
71081932
75765463
5094724
2202452
9675894
34821380
91693666
16565324
44844241
44679794
97038261
92421810
11270184
98424126
41859748
28545071
2099362
18504410
8989686
52940584
34093793
62616389
2404047
46464099
34892787
97345789
76249854
21844136
66111116
45788452
96172458
87001610
7454375
47533523
57923197
54709371
12122640
46720078
45067857
41056963
10398013
46078145
10847163
37217821
21197550
84041932
56583911
35878449
34974059
38169420
89881628
27805167
85602779
13745758
16127620
28673132
2437857
9844265
21491856
84100801
24837299
96901097
61575384
93614203
97763502
47557371
14475183
37622182
20661963
81027608
15310603
61937474
43624051
31135014
44974324
25514548
72841465
6951833
58937270
37949066
89717220
9885993
83476064
85887046
99511955
7269119
16551279
11990932
4618480
31829120
68602458
73115763
81033160
6563160
66907169
61468758
67924895
21138482
2320423
70993258
66207071
29192036
31442290
8505493
533924
97845271
66709069
58495602
69999528
96140993
31281773
43246740
5840253
64072538
92806328
77421051
6208655
54936367
25797014
81353552
1001523
80041492
51635335
29626179
21222450
30690037
11407804
25346734
52832800
68324534
58112557
11212626
81121339
63349228
93786616
58029017
5504750
3955523
10596710
92126916
7379364
93471175
63061793
55842341
46818938
22872966
48503508
65097034
83491497
81505606
6725998
72246505
11886742
86073428
64656405
43993397
8519616
18039
91109340
42450264
71340292
77870848
52378936
9685306
74146991
93568373
69722987
38270961
36712244
75617736
8116228
41994485
16785359
67331488
83734587
10020044
75314524
830409
55630471
38576456
18183871
85467056
10723431
97382166
8791165
33254068
39381539
47245446
46946115
82857826
69506744
6958431
7527773
53890076
21448628
5083094
78897134
72784862
27421097
13535963
78792710
49678958
47916951
38485186
37314611
68323245
89578979
56846867
62002221
87612051
63340021
82771824
23516566
33979618
41016845
25877392
219054
37497541
53625604
27176006
24484014
3206224
41672140
36802615
74859463
51604412
71367473
69078245
4399806
85820657
21433904
30185389
75912411
3437672
57639344
70838733
22748010
54827802
76780958
90645436
57678722
96761960
70384813
63112424
49924924
31710938
48684076
28554307
62840704
65781272
8516636
6428126
38349730
67143640
38551724
31582800
3820662
21534318
48512408
33638462
57162056
8317917
6588284
31271312
20775481
69289937
49535620
49436297
2373433
52878256
95474165
50875630
58912548
75380559
93926911
8270558
99418257
17047772
83595936
75975621
89237332
80185079
63659649
45000746
4300912
46795434
96322048
5191243
96869043
30273443
68014188
72210320
49375752
44239130
59330279
70582052
92535572
90158749
35153932
28159908
28770095
97703225
89852725
78210045
51845366
74480188
90613021
12334090
36733991
85612286
76098367
83158039
80907388
73210879
96575062
38364082
14829050
94750158
23051205
57698530
67491653
69769930
81091049
24198783
35507769
76059509
87299996
91508295
68148496
41077826
24843869
89234827
69104778
58758549
45491101
19033347
16794376
61079894
25020543
98068003
12257977
43491914
38875706
39758348
89710502
31349782
30536505
24866212
7728812
39568039
50549065
86337650
44966733
67329085
96867368
58624659
72864038
77583820
8791709
54884579
76042265
97112883
56675257
4508761
15435547
8036246
45425806
73529862
47132437
41764705
58215658
60394777
37072537
54798230
1496310
28205205
3976258
61464439
84305140
30042891
76220588
41806151
19615268
53390633
98078165
11215943
12288990
11118512
78894228
54144973
45552735
65634856
88249268
24515373
90788268
72568233
2456370
22949459
73555891
17678865
21592612
89087258
68679018
69728308
73185405
69867981
12069815
80611076
53857862
29478450
4984518
52491799
23395400
18357560
43677953
97635199
19002416
64368574
57172990
62332643
31613301
52014351
3528483
29223760
30356558
17070546
82169429
45648257
61542617
62860502
14575047
61981359
97748506
95530382
82979811
10936403
40396353
96564717
63979045
36650308
46581338
138700
57819927
46350631
33505941
35201395
55211055
45763112
33660443
76430966
73805446
66729462
95192261
68214911
68248879
64459793
17407259
51634873
41993034
69873930
29920857
86971886
7324572
22605908
67668180
70747380
65940290
73432695
29095704
63049778
12468128
85426764
59369162
71670122
4518820
49093689
39148893
61263317
61828481
59563317
36070369
55378037
21385163
42303888
47433811
7724903
35529185
96423060
39277957
31361230
37114856
96598827
90926223
56386840
87388004
94776371
86289710
49873894
68689454
97902759
21822228
70209407
88956649
92856940
26371082
39625482
86524961
12771082
39101481
39588872
70103829
60089142
68699087
5624914
2130361
19761099
37140035
17167944
73942596
35449800
82649226
28438320
29394521
19097123
98588280
1396334
74397260
2174440
97360517
2139827
44993991
26216665
88342394
51431988
7632979
71572904
46928217
78452472
27136711
7612360
59511669
46872800
92817631
51851808
85703509
13376476
14234792
81308914
53244979
8786594
58982586
39741899
63300407
16401510
79145946
40423564
25418767
79013049
89588129
98275615
53229875
22422506
14044367
86654731
36368709
73953285
1966201
48464086
70507691
11269043
17789049
42854877
50005579
24847419
1901204
15681754
95598705
18948620
99219541
23855745
76299132
27605211
76368884
87605868
45573299
22114370
64532060
45707586
69955753
48962082
10892483
21226000
13442961
94011181
4640919
66958107
43939439
20050550
82395527
47947995
66654199
64801958
27550595
36827180
49526611
2903798
19647503
30152484
28171221
16542593
18458545
9864408
60182785
45707499
23209909
40175215
16571312
86711088
11823367
7746622
5106000
44549680
54434045
86222614
43418597
7326162
40457900
81201665
67595168
66152018
4119763
91572111
50084669
40982374
149152
47180558
98482870
45513922
60718229
7508624
3777949
31311147
47712982
88241593
90969517
57335345
80284577
1333330
85658506
69382334
48258874
98769916
62362867
74041427
58807156
37922163
129554
63614222
97790249
31552743
24312919
81962394
57695002
99688117
14549454
89066516
783423
99179873
75739579
91033438
28871207
34974669
84773462
77293237
61524729
42041680
73806338
94112400
40791383
70136319
13601988
27624192
84406372
15581566
1594354
72173480
14335004
50476812
93791825
30348782
10840379
12196937
6246176
36495988
749750
19840180
47518675
4185779
61546488
37640581
51660713
63931999
88075105
63593717
31352919
91153055
19980630
25467979
46874154
25748735
20923821
35541706
26303001
57258329
22789584
35236894
75398141
87973217
89106385
30834024
3414310
86928295
92548269
22991110
60032282
9570986
64146934
17065948
49427308
38501562
4695150
18018354
86356096
64450462
48091260
95701801
53940923
26204422
49962028
60853587
89749644
95326153
49876569
13212591
45634318
45132080
54626209
99192497
84963967
73589749
18334565
3122709
84661788
90819311
81942181
9819401
26298172
6927843
11147618
81697294
95446688
38202165
17349107
35286109
34139841
26856783
54571583
87824822
66749122
79985425
84871329
85310513
57982979
67252391
99361875
39509218
73163460
14751798
31685144
32928598
61311573
25223544
27196190
191502
8123586
65734242
55793296
99573033
51098435
20305065
389403
47768394
2322459
48713353
24087338
80613175
72163372
94775193
36096952
18594069
36941397
86973452
78311640
48370679
4784036
85664722
74809661
41114908
51496547
74077732
53776157
79181603
17118944
5995886
73250176
49105003
57645577
13626479
7578153
7122600
96079255
31486163
23302163
73810695
44016698
50092202
97027028
53980782
50468062
47432850
97289165
39847002
29792611
53290431
39519669
51849217
81195324
32481167
53037317
54255806
10804866
26755939
12350619
50500129
79192180
64158897
32672186
69079928
30316127
70800449
30849763
29404135
90429288
34934143
72404517
37218494
27822145
53120804
19670415
79750352
72593836
92528480
90701853
98064069
7569024
21448614
86105166
39274009
64945895
57746671
30716986
16489132
90649872
86256911
30967682
95408296
14926031
4923304
44029603
13320177
69687966
21557544
34494950
45554411
84535081
65724358
27437239
19071790
13048188
52971506
87247370
89733535
27089822
55802460
71113340
6926963
81916600
40000727
13516856
93770428
27529591
84447906
10785600
46635263
90514998
26983363
66730292
36874989
1461091
32342975
23130367
11275067
53920819
65706845
45957028
41841514
68954857
57270299
66327219
10060337
15550968
45935114
43997531
2769182
29259302
5842536
37814252
17823032
58456979
47293702
99217255
61448213
6652276
445745
79976258
53556427
27687283
11066939
65469764
57791149
27590394
90288071
6686743
21806134
10866292
661671
26553505
52426908
37710263
5368853
31230912
74789111
79849826
83882350
4450215
40279857
60573255
11255380
66283253
25487344
70441879
32497756
78436777
86316686
89620604
97925673
30468936
33708870
47482652
32762104
23221968
90761879
71089896
76050871
49256100
54587841
42914026
17069442
53813728
14799383
79273447
86320481
45150275
5394745
70064961
82374087
19579971
55808891
43183561
6030318
64344628
37438979
42352457
55248604
58373148
13070108
97314690
59033109
62405206
11609335
44682188
4355810
59428019
32591791
99104488
45094763
32996869
47086042
95784768
27937120
45727402
47507451
83434388
11167480
76248094
4451762
791988
43122041
87096865
78149846
57142093
79495657
85478659
3442314
63476498
47669024
38710130
84155429
54193656
86522933
37615597
94617399
10270592
26251984
37354513
51648251
21165392
19894258
8258231
47878095
60183953
98349101
32132974
7270156
35741398
81626488
28870622
6862806
28107096
1078852
35448752
83919344
63290164
44740127
8543641
23792993
37102552
95594761
53709107
60854057
99231946
10065477
25161789
31512358
24717551
98246062
4903387
58673109
31318653
32705812
72905649
31485393
89342894
9432838
79302816
95842647
65733870
6935321
69710809
27410174
37729324
79412316
69129586
7387379
49059462
95040207
61284311
58408225
2763048
72655258
56252568
33117030
11425358
88753961
92525489
26108240
75760225
57183124
56371090
10316322
63343596
94382937
25322828
59769575
30252364
82086010
84803147
63032283
52702784
70206626
45971854
57026135
61612602
46798650
98541187
90901034
25923133
71179138
8216695
11623168
2861611
511518
77539534
99162159
7352930
24228192
72175501
84652247
52244769
24455710
80202532
43840313
9389172
90925692
33633464
10545088
9961166
60495504
13489342
7294740
69336683
93986470
85240709
32287104
35649599
91998736
60394235
86033443
5094613
95805119
93826502
22808342
96212268
71428809
36938019
10317879
85093317
53927511
48080474
98539747
75058886
54977352
75164365
17105480
86353222
57797165
8762993
38680068
66166870
35123278
50035656
2388355
25593584
12101469
21778361
46106301
18531154
16661417
99264964
99928197
93855148
5168235
87117578
97611827
4456605
34138280
79323696
49158337
68661882
58334021
554379
45338838
32453796
791796
79509219
38465817
58905576
85420173
87818475
84416081
1918108
43748932
37195052
85458133
69014197
15787245
83829416
20691105
62048046
39623728
42953489
64966379
33725823
21071280
35831809
88977029
3450900
16881730
86460275
22662369
34044033
83425278
50355212
25018730
68937887
22758112
21691828
33138545
4634653
51662038
82541365
58488554
1951570
81019833
75469813
49909768
47426297
81281476
99743729
66209287
50743757
53473463
13261600
59465783
73544843
52605401
43079350
88025209
10401756
36624058
37132552
398958
5575867
9891476
76709800
82858726
81534042
82570811
19147742
82019074
47804833
26478770
15163166
61462672
77197386
97360020
68273194
44105067
90831315
55625406
2197120
75246411
83906876
94557188
7018318
3213991
81444475
60068977
92483203
41241123
33448298
6859677
86780252
14873257
11394057
78769371
30539242
46586827
61717049
3705002
77820763
81270960
41103595
467548
20963544
31597654
9648702
9502068
51517579
33713946
69171285
43917035
84729759
3483793
67881448
59545462
5729423
82753698
7646509
83940793
25587657
15352045
54394571
64925775
38367321
44901520
12455993
98605178
8924191
93403879
65091595
8701512
6043443
55857311
63362556
84538763
25907712
75099540
1662603
78987365
64993373
10466924
16570808
84700110
61877160
99792170
16244034
58453690
92980821
21059034
37922493
55791141
27469362
89157067
94132135
64418948
94461154
93812916
75977247
98038984
33723341
66220285
64048628
67573493
1851489
79584120
27470987
24269780
22624087
61346798
23051956
17290710
56363606
14874188
66431239
29019759
78981063
99279336
44658866
35549219
77934803
90374430
21088236
90645019
67439916
72022996
54076742
53093280
8518975
7333468
7819025
40620800
6439052
31509901
40897446
44645917
40854170
16346864
52445076
30109033
85080849
54254484
11852603
41950291
99384315
17842589
18695009
35789070
50251240
40625570
50636594
34980687
96831810
31763234
93827476
82612786
73866032
88808122
76022780
28493275
39719776
73772957
25692240
6313646
86148165
18501825
45881350
88283000
37767524
69005910
21447075
31157266
35366222
59155831
30637681
89517030
72707111
64061253
36502823
60139367
27806784
76951231
8688074
87272310
90119251
35807342
80435007
7518103
41905187
68779040
33026657
29857205
56801857
809502
19715566
46847606
56272474
30866906
91048282
85784363
39268089
89124299
50122803
31679140
41064645
19103556
77851755
67082683
55004370
97411426
44616201
84698302
4790262
3712987
72598945
28687982
84872085
7017847
9932254
81728504
94342630
54882988
93948989
95217193
79849029
30965602
98151181
48809172
58655054
46933246
33296333
466298
18437851
87096769
6233736
29606813
74371610
46448693
42172683
59761261
65239018
10078196
99758521
63205713
79757469
87350832
74636829
67007068
14765779
78037143
49908403
70989002
41560917
6511547
17035952
50249537
69538325
94798035
4453259
36832850
84294941
36258450
45937029
64290525
15283209
1839343
64020445
58022753
73143229
22964268
1667588
69422172
68064448
74630318
95878939
53020249
55350517
97390543
13831900
54891525
44986234
76288621
34894775
71683295
50867667
44215475
70915906
84820646
38749254
53011923
25345953
83130068
34594592
63440441
37455268
99460321
30535623
3822809
53388507
20581441
48017124
74872474
13160852
22987698
8413631
43451597
15231379
36965784
79048255
86056580
38700490
92289607
7508913
38510221
72697846
39998545
22985051
39745200
59330005
84495675
13046406
72153806
85285688
50541406
33569141
63070430
88607641
63576327
50537292
22616545
27291959
25171297
22392778
71404238
45527250
49495323
88306334
31403497
52735307
44521240
31778566
45663106
91423886
34964085
46925038
73895799
23777417
45265043
11369940
51721316
398228
72835500
22323723
9901827
77699941
15902558
32004568
77658587
15748556
48408860
15294698
58395938
50379630
24695043
40638558
5435378
28822892
82703820
91577843
54337250
79074229
81588987
90840969
22344259
13608525
61133188
91239711
18753087
8469920
63108602
5477703
33474998
61412286
42276650
20119090
42745002
49608356
72524402
79392849
99907960
98848040
8298388
34654185
89689048
33761371
6068978
82141929
89867491
99658152
57474947
7500075
2814060
92397428
45718903
84597969
36572925
4869648
6607297
43541867
55062665
59408275
88871650
32278430
99124244
74080649
76723344
40255867
97634098
35258392
27507015
97163389
16656292
29270108
48564227
54306660
27305765
21231573
40588498
24636895
67315638
9607556
92007185
58526690
79419536
43369221
20407168
84823516
15866593
25745609
73629971
58063434
44984750
52170351
9398046
59653394
66516174
61264636
15505757
6836374
81622298
53182659
31143668
89503101
7139824
83734386
4252748
71309418
33040897
57881140
53099070
12249704
26606196
42076379
24292992
5997371
10542070
46113103
87017590
48561375
67108049
24460370
79886957
59510479
90906974
81146082
5636788
96051455
99978280
70008148
30099178
33881497
93199990
6149921
73213526
59566373
1907814
94889676
99204537
57409188
88423512
95799055
39118757
38759835
26325123
21246663
4889042
43552352
29970013
67685977
41963496
86221227
79646733
29768182
10042481
5125628
42555321
86884238
66264321
98016577
68544919
60359046
56576509
28405000
4843742
47537327
52729791
51805092
43891872
97691324
27980463
88780112
334473
9806826
66160889
4144702
13150330
15652958
31538440
2959592
69534349
27347477
86203936
88653463
88673555
57628477
12374010
62954496
31268089
87073560
22552338
35048726
21916821
62487726
84094189
6049169
7876014
7944157
91061806
73470626
48450102
38783985
75938540
78854899
54547189
63406095
60823762
26440343
15574533
44133512
75138736
28424946
65968683
83671077
55022286
91464731
50468105
26671752
43239628
60542717
34263494
87559430
70272474
77948860
82596914
18107654
5908003
36326736
28437272
77302711
14272107
83176869
76763954
87299740
26431385
34262693
1767873
841032
92745286
70577072
68533019
37051294
4794803
94843905
42086734
35907268
62028227
81256829
99326188
52431691
98753649
89314835
37404602
8681421
20836661
53099727
94860583
77309173
77612656
51209339
11765373
10401456
4775463
55785244
7902384
77278077
87064759
1823529
18370009
34319592
52297439
50071058
21720582
56689745
13009465
66184161
64867942
76240324
17783220
14358472
1098926
32300904
36439152
64039236
63501484
94113839
32975199
45356393
85123466
1003246
15363626
72347877
93615794
83919819
27239174
73704144
68211266
60098258
26709805
55912623
41589235
1609997
1231835
86031803
61596260
36589283
50049723
74567599
16328433
20544538
90156559
79723278
74495079
3558900
83982545
58467861
78598293
1513807
33558319
52643030
494318
90847951
65258499
85145211
63283927
8782835
76021369
21979281
22921992
71409609
90033666
89993978
18413606
64214925
61060420
10099238
77526550
35751721
2658438
71395097
49933439
63012588
97674457
24497210
92064408
13206205
91422704
41517827
43242163
32053675
61728224
52150239
86881656
81983597
50118763
66750335
67704174
96207587
35028666
92805736
17760359
71667818
31408949
57843950
26460148
48526421
48344610
89748855
55620100
21054409
82504189
23406068
16387125
70666862
3831850
14488390
35946971
56255401
59214225
73579306
20887685
19847529
90587543
27068918
75989908
64346904
52277063
65158461
66669550
71620451
10360930
6377170
45307556
28832178
1652343
44532392
79773737
52627339
90848913
24695924
64943554
38380757
32606482
25002460
29451218
68031786
89942850
6915544
59789215
79888176
44199428
46442590
23758431
55666646
24257779
74217099
35434222
40710863
91714131
27608
7197130
63417555
75996552
43169480
39981669
20381617
67665758
72232629
13059624
43142518
36060815
70270111
87149517
18578272
61734926
53380904
94706655
20344266
14648093
76894678
37640468
40761795
59544525
9879121
90463236
23328799
33024743
50856941
21766611
97420154
97177217
18042513
60136570
55799909
36797265
41810560
24364441
9132090
65200468
98578862
55547253
78928298
71509068
62517187
71395044
48886986
18692470
81432164
37577576
98110681
33861788
8130038
40279581
6400459
94830438
1077366
51528338
27439684
63084384
73634730
60823119
30384512
59534127
20542698
41925310
48557088
92702118
70425923
60933955
8915821
11412650
56981827
87603965
71521522
35977144
84232796
93569466
510916
63046502
70562823
9974740
37815901
1381357
26875141
60713015
30100531
24064016
8598763
75676837
62934336
84757965
94339379
54926398
41778559
8612242
92215169
5772485
1609426
7589753
71425093
13578794
49543657
43167314
31136004
60969267
46301252
99501161
26622670
99371674
32291208
63605323
95178018
5689357
17500043
16129081
4984852
2486637
64915423
45812462
92540458
81690068
69246841
17822372
18159271
3431949
5036882
58474428
88917034
16225640
37305593
29090349
28125254
39263551
96274745
26746836
42835007
95147129
60101295
35598422
7629589
33650670
73529369
48295278
56449788
36118047
24781062
97533848
62884734
63253011
51361429
22231522
73407768
51534109
99152879
29163133
49030356
55496241
83948181
42814458
45471722
21390454
48514626
19362634
98312051
4982041
89573573
98035265
60633378
59388928
29370474
68063033
40202807
78634708
53774091
45773504
81243816
23507524
65767455
70222243
2103557
36628318
12668457
29220734
8307092
9348156
99569421
43311851
96387439
99014560
86013531
58960309
26127306
83641213
14100715
80295827
38497480
12048177
32069598
86688799
84205785
83198180
82737706
73745809
89244757
8048672
63124855
69670530
12314423
70460215
7314318
95531706
58509866
17343738
31135548
89261498
15313580
57667710
23986676
65731270
14687496
65847242
96115268
27518293
13341488
46946317
61397419
12962535
46180091
55117256
48428820
12088475
6907853
65129926
50308869
88976320
13147838
76439552
79981174
20577639
99251320
69758316
14064615
88208625
20300629
53358332
61276104
81801063
88352931
63722492
10069159
21100068
42333911
84244812
39582687
56292344
84497916
36503454
50876138
29027980
14298303
55882074
267700
6994096
50288912
88140558
49615224
55390752
43365021
37818395
4184571
66800785
35688973
92589969
79879427
95399081
88254355
30461925
28313351
99926569
30137879
25739328
91097173
78798789
30464410
60022024
67109645
99192652
29188825
35521747
89500408
64178890
23916863
54594540
78039912
48243477
22762333
94382841
23951058
26632244
68092421
56138452
31100515
24468390
16281121
93023188
83055804
4230535
20247075
12068217
8037680
16991304
84113223
95322441
99660051
85283833
9726811
11020781
35043978
82735587
1999701
51126662
24615842
30591973
94658708
979602
74726287
79659049
95967139
9249990
39461628
41345213
15763214
24884895
11728936
61215987
8288190
76953870
37566925
41037793
88222172
49051576
72727999
44037277
94827073
67016257
80734352
22788691
80905054
37984995
61085317
87909091
10897119
9809104
83239677
58681091
4016161
78536737
13135943
56425760
14421774
86150890
32458732
69934855
11268163
11215961
63388636
35040282
81163202
86307624
20990151
95697964
91234207
30209164
30403567
98933011
339280
59377853
96383696
79307821
47387994
20302489
75740269
91618258
26641637
83347287
61227159
75025967
69220564
68788721
90713341
8699131
28989183
97257127
65999368
20917191
55409843
8192121
89601226
96707321
30852178
74135860
93182879
41620697
37941667
75349204
43263135
4545425
21429853
11870360
20757318
43789997
20624064
40675858
19619087
51488730
3071439
77473256
24110312
55245983
5221142
14781495
59268094
28215875
21069993
61418573
29605818
20074165
20324753
33235432
57532502
44369345
35465128
61333481
83750197
32685396
53434447
39518583
66450420
41577997
5278862
56986243
18325784
32224760
98790691
18526064
30606078
8037386
64335501
68497578
38454579
91734457
44142230
90623125
13473343
71100572
90508763
59682380
6520422
38373126
75513920
65851005
33692474
57060822
94058805
6476597
43414287
23471589
61025728
6350245
31976069
52361610
14307623
48651
68973718
92298555
27595634
19315266
8266095
50687276
46549009
74690599
97057845
23098138
86956957
63224531
82114742
43941122
68041751
19059965
62265687
34441419
21297789
13815190
48621962
44591421
49113326
30518828
70469000
57198911
55198719
59121991
22029333
36781275
8282975
30834197
54128346
8715216
53796740
14655538
62954793
68229545
12378348
16146312
45605804
50915542
61524649
47734033
66606406
43821723
84092420
15742306
95814535
86365860
59640136
61174794
82727579
18927996
47403516
38391818
4916376
74151215
4477419
31436039
61728807
33903859
65502345
17835965
43322108
74710460
79582289
79570743
54448833
42513535
84836328
69077085
79436144
99388454
71947272
96852686
96361921
5899803
11589600
77983132
32466518
14850843
91224946
50827983
84857166
25071338
77013259
86796007
74210134
18794408
74676020
43421275
75437282
17526923
62469268
72052600
62920055
49646137
64725054
27387398
42290620
42507095
46651397
8355231
16197303
33034607
5033000
53916079
63257240
5677958
24029173
92573741
65562459
3761379
77051622
99672868
8356565
92142077
25129194
3974517
37903538
87220709
70402709
52090235
34712387
76380682
21384283
66868699
87247439
31303786
61395402
89879531
55551607
98045343
5613151
88196001
69366831
95370359
43175144
66196705
29856804
44503879
71074378
64064537
94098906
18995972
41382847
15474550
28112353
52500775
14137749
23389638
16265844
14420237
52740313
44139520
10461491
28831708
24604676
97573484
78573847
41731638
14517319
78411257
42081554
38377001
86378992
47680504
78764113
26313404
51920839
18051240
6956562
55891480
61557034
8141018
21592475
10423383
38936907
12918226
70429168
9876748
61895106
40556946
74949411
8300794
98014169
25204302
97011582
81056968
17894106
70693970
5534006
63948417
55477715
74691258
75334933
68617657
99645877
19327276
86220714
67697163
45153542
57459116
86814810
58097493
84237516
97588718
22771165
57559299
76447633
22234108
92088757
83358727
25022924
94389849
63021373
26825399
14561307
75865588
9741600
1984744
41790270
36977867
9946993
47724884
74361096
43419686
33155337
94606472
79548371
61226993
35997842
58282411
79301537
45889952
97395043
64022353
62626359
32639263
34258110
20063277
94490463
46575943
18557588
49505288
3309453
23153761
24922781
58571078
1105020
38514359
94026604
86707638
51569637
50945731
23403792
28854386
96233809
81287236
49851876
975708
17329612
47237520
46021040
83592467
15647129
13002033
9081021
14453840
17843593
65534837
79893242
7551198
62050585
49394712
15987277
94603743
82340223
74558099
32547995
21468805
36031252
72339598
75419705
44919532
57949984
30030034
33884044
92796373
41364773
33935075
8942059
49343130
26896695
13778650
73507229
25147925
64674304
82214167
58110237
1085462
94324116
4541587
76131285
843960
83607376
88619720
80233353
11333789
8597933
78952359
10083400
38429861
87105784
9194029
26523015
4963662
27128689
65507471
97291848
76779731
9272972
82880402
23241713
30850500
21967697
90807016
76585277
23344941
11921772
98210765
8020334
25011013
55464586
87544793
51240677
29619095
62755392
60435881
40342123
7968977
24222037
99574595
10190249
57136176
57057912
5639127
19051071
99163780
93303055
51634125
63302838
69335683
35963784
78812908
27603434
5412940
99957338
16898956
70140082
86789136
28237335
8355094
40448681
3858654
2728751
40171001
57076624
28124178
87758012
80863373
89662457
28775790
76377983
12082063
50982152
59207633
88003113
92351957
90844019
7151612
39838798
88242595
4983287
27069071
63013773
34504576
67122415
71718837
87729332
22909186
92795680
68413039
50188455
46869960
51458328
6250737
40370542
76923485
26604765
23010501
19066859
12953219
1362630
64861169
15545450
11987125
19599619
53707536
18568716
92969281
25894991
56562218
54949346
50364666
56836974
88411929
40804262
2123526
5545260
5137462
66192368
98989890
27370491
71156376
84477677
74428827
39266958
45226873
4575187
64921104
30314046
57516758
13522708
57776097
97346983
86526896
25228761
93911354
85028994
80464419
12402843
18399225
80388438
72548058
38751798
8843278
85780914
67132699
22670835
58384947
68437617
66950697
99994833
80309611
49378768
50984896
2349071
13330525
32584581
64896441
23793807
57503018
80446704
23735910
9772223
23073573
16749999
95989125
2261148
43721477
46455267
55886339
86800303
72602276
10329900
89732981
89250545
23125570
33239755
96195768
51328998
75895403
77464938
93014990
56215601
14456280
274289
22994857
52189098
46803645
23676651
48340645
98805045
74958999
24830622
56771805
28478739
13512862
40508926
73043785
76145848
90827478
57876278
10823579
81055996
40353476
39618798
35215595
89223660
63598041
60793192
26013971
94704379
99215990
68961798
39874157
75439703
72634452
31925525
83376619
66803693
30669162
84251974
6277641
24806369
62239751
50656603
2464629
86459038
46501129
73089192
78285078
24610995
52645418
45842503
63886542
79154590
97771309
37139480
84875936
74625096
45985190
1956472
1078160
21137437
53684436
94897556
22103600
48484434
98936365
82016249
82956898
17142208
50461745
6389086
46538035
77467978
59866757
55414173
61668767
19133382
29374920
10923946
21016243
88588835
5104750
64001255
71786189
73221067
81544521
61220966
31065984
96523022
21621215
37036466
48041707
93630029
8103175
83658552
52841599
26366698
53415528
15558738
51847440
13733655
51952845
14917279
95611532
4394362
30891855
49402745
74007648
50398784
15519498
16402340
49200174
83286787
32782814
93319117
23900730
70549716
92158483
9080524
14458231
72761389
3517361
26085183
41909898
36343398
85794159
91580701
86030779
20405697
28040997
63720631
16494730
17971748
62876736
44672589
48515006
59331219
36409686
26236063
33846901
69974069
83096151
67557779
62497525
17351861
59013815
15706750
21545067
81830291
68383950
95130054
44198925
70642725
88460089
48586553
60728656
20300264
82089061
83131292
44152409
50424494
57818545
92954920
72231126
70991441
60430733
35616404
85765186
6110682
37609795
65998066
34156778
4571902
60386549
54849896
72796856
64569606
35438394
12638274
70121912
43643851
11157884
68173012
27475412
90771471
64076011
81919996
64573701
14159061
44527851
10407746
357885
43391807
74054925
6823661
46667564
88430726
82441172
79789343
3349530
89048397
85214148
75369556
22428450
72973918
58705371
89170319
84598451
74143322
65827884
2143457
93880775
74120602
15716989
71035317
84252260
63626032
81125263
3719243
35104679
5294599
21153871
66633066
45824868
87054903
4780874
94865061
26919076
19532312
78401892
72033489
77896427
96817082
70107575
35524309
81563157
59066286
62006521
82456676
59638866
30473437
26697157
63893413
70107721
4049445
86393770
52596662
66843671
796264
54691819
16063102
71003609
34889784
25463673
33768338
206878
74294125
30776826
35487911
96527299
52186340
3886552
37323891
58280385
32192402
29404358
46269501
77709065
26014130
20111594
24260272
47804852
68836762
20708546
97598267
12662587
27439000
5303919
61154717
39575142
67335781
90635755
90305351
21617383
52131769
59664364
97566800
79282425
90079349
74258258
26125399
84771049
53104865
84808755
12415759
28116909
73163136
7923189
51411389
78404858
62521782
6855393
35404133
98670754
66286231
26087586
88005802
93097483
78579450
31738997
84587964
23973834
68801775
99167537
98198823
48149523
96258142
65208436
5159083
18838874
96239660
93099431
4908858
17405590
50679149
78343701
89181446
68047233
90500481
43304365
77806366
77152208
84484446
3540039
14112954
18451329
85388772
26152238
30760143
55824246
12332687
89695604
58893532
34599498
17417613
1487363
75379364
35870246
49343987
7060738
50546209
43781613
87070777
35103743
63557663
8266166
10072490
872111
47489878
83191006
51633990
14543869
54665789
85037195
65781885
9206933
68842298
75288971
38685861
62205343
83660721
70666314
51247892
36140638
61245529
43087204
43156489
41805002
2809971
3645972
39571101
8045797
88333767
6305963
67502517
92620694
86220726
18832299
69978942
91858752
37526247
56666617
13343093
54749509
38670858
91626197
24902303
67411894
92864471
65204065
62547783
33471907
91389371
58729692
90871704
43713839
50491014
85751398
42306583
99341703
2347222
35608035
4681564
25744641
35259802
63719023
91499825
39664556
86584014
84894463
59044767
28872924
14109259
46056278
64991643
21915232
82634237
38754577
76568927
62622176
46295580
97613767
40614154
4517812
4710536
19638442
73639131
9728647
45917792
34640187
97703824
80887820
59607606
48963512
98578097
34490398
84101816
45668468
549307
37748905
52621325
9745179
83600485
75649749
85819226
2373783
21675628
68146409
5933208
82684656
46132007
80001112
17289245
11400603
42971344
62703368
22537148
18861264
25342679
22691374
87116617
16135555
25942152
24401721
21545731
17478747
99331918
47788482
65142800
7231341
21567326
92526136
71131466
90030343
50182899
64527722
65547550
22423124
85221329
301393
80754130
81487034
85497640
31638882
34273539
10145646
12089289
32034156
10248106
75841107
50194061
27475221
19288409
32392364
41579380
49726503
35297284
85435498
19082309
38256977
39295833
34889753
99841869
32139041
94292399
24942072
62522220
65737443
34754185
97882465
39660638
4322363
17433229
95331037
62731717
17221714
60992433
15040307
75316843
85827820
160844
97725105
53644458
65170491
68097747
78581775
48927248
94695101
2683420
23076089
52561154
36507885
54548613
46597557
28767222
50761502
3890381
66557983
24465707
33543135
36425236
36707410
6312613
11394547
36121424
56606028
57242513
69570458
29683696
94048531
96869986
22327294
59216523
55641929
62444879
47762157
24431945
86135192
55720792
73949403
75234614
59859433
72585639
95112587
6010940
2804575
17435448
66796053
9303079
38421475
66664251
79755210
37456938
59676562
39743791
80623714
52534011
69950457
4257725
66414354
50320702
74021862
39244701
10900276
56828923
91781867
73821953
91620188
60338600
56539774
8637894
16782924
93032544
27809603
54588527
74748703
74894855
22588771
98410340
75949613
61521473
76255904
62438084
41634959
94383947
34901795
3773875
185049
68591050
43128860
90898184
34067435
60648608
50551424
6357518
25118484
46554649
3222108
59387162
61366712
80242983
84811977
59865697
53667149
17212527
61108268
35895348
79842694
25021404
47123710
39384246
96948323
16358662
22286474
8585149
91602807
24937464
46546024
59929535
96232789
21713780
61711596
59211318
8131130
12753855
15622357
61269249
43788990
8410210
24200195
24809392
23665204
28911619
35032090
92466069
41681419
61775077
43982531
58259581
4224809
30368955
75788563
86028058
98264213
40489888
94919979
2211350
10972200
48824431
97967705
77698482
35661137
10473735
42883271
36913697
89990275
96023403
17799439
74873059
90268137
1752920
96233845
1910106
32305124
2971444
30357911
22500893
97199621
77821906
5005978
70743506
8860767
88478678
98995655
49865256
37636064
19155848
59135167
80454221
79424995
35708571
24562217
917475
13056151
22889727
51953042
5496264
45575524
45672595
5443396
24387478
40558235
29193865
7211307
48141148
5555240
79547417
89299010
50706563
41912031
39047705
84252103
20053275
80152273
72039445
90179559
33785382
58443173
63258252
44032096
82128941
30255811
87545715
46523339
14843215
6630605
47854968
11416604
29189181
45201269
42898482
72762195
52930039
52881752
88650119
63817642
20468052
62351043
77743918
86483194
9249116
32967148
97522126
83647997
71288936
47323625
33482626
83539314
66918731
66319549
77620089
19347467
90007838
91094587
42369503
4572864
34516214
79001771
10438058
11532408
40372488
22490770
49665714
36713239
96625911
11865262
12031118
66776093
18841222
56486978
82079927
27986745
55438051
4897899
12719082
53566105
21457985
60330015
795290
42943431
97801898
79075201
78218875
16358021
47864856
31499527
25898659
29457301
91039192
85695385
90934708
20886137
35865854
39928291
47898051
93912964
49670120
42063879
40073217
61690589
13210954
33683317
97806184
79555999
79407322
74985193
86804966
87068001
96010180
44556625
86537344
37342998
4315808
59494118
45854725
37894624
51877440
50385651
70705831
55027087
53537805
56246260
73288097
56924931
53607555
60012542
13851988
76487195
53004469
36729313
14787864
25583476
29167556
13080697
60890853
64132357
9162118
51455083
95121626
35114689
80891105
83569530
17577402
92793337
1052769
57828897
38997014
31521087
66362780
77739134
43168419
33057758
82034895
39555163
14137292
16704403
16818352
44961270
76208437
11857315
27413453
10060375
43381666
92692620
17248205
98115156
93069029
95612854
10675360
18479266
64392039
96794086
58334624
94072481
17255576
14525172
5667668
98500502
27568941
76502222
22367879
79837453
36283456
22023172
59249993
82592152
66685706
89109786
53631174
94476428
45296953
54508965
62788303
60144428
27108904
10778972
26211601
40209545
13075459
78894502
26894049
87871357
24310058
81522957
69886394
70312664
88983606
11625811
7239995
15237294
48714308
48071438
44768772
96908101
47116548
27049673
86128224
78497298
15361283
11297348
79207688
56458874
40896962
51142286
95327981
46599230
48771496
78919393
89553657
13854653
19028698
88200330
36642216
50077643
73879944
25758109
57821997
58023615
22750910
28907189
88397844
44234203
46972703
27503167
26033204
38345201
3474582
14777805
2653502
69833518
57490437
62854841
27900945
96330836
78847949
40760392
8335377
54538509
68146414
39619940
53233858
73132581
42366367
35545613
23154081
71336917
45252810
86352086
15299245
8717710
67917598
81432245
27098662
11792383
80936443
85169132
89551232
52355243
82413729
55171709
98151470
25029030
89823467
84875910
90508930
81326995
96771165
11780012
59826160
65742183
43420586
8096797
96761288
93999241
65071559
7866671
16963826
74194731
92993586
43570258
79197007
25238257
54143404
7245910
59414434
47572269
71436062
71774395
61600923
74191265
42126790
70176127
44063871
9440378
32268806
98262343
84839171
75433767
48222791
28809652
21312243
39451497
22568557
68430480
14212273
1141860
64294280
59978379
90602751
75756507
72194195
17179731
6904868
12432098
59593100
35911256
23027124
80471434
16765629
66933800
77691750
89184474
61850383
38615707
48004020
86188389
23907535
45156800
53956844
8306839
42302002
61318853
16612379
91982153
98457082
91785964
79139428
24241707
82272450
2541418
15667237
60114754
37828507
80890064
79127122
31311970
11707201
73232369
20297245
71832548
28286776
58676779
56458546
92371968
81663477
7204420
69997455
71275296
43301257
16022177
57975645
29641379
55726937
55225437
65579095
79057200
47711390
20273074
17207420
78428865
11857382
77614441
51664751
29747088
69903161
40597875
85071373
7897670
985150
35256296
43136574
92105252
83399385
79284116
45115882
31928438
82904430
52836128
91119778
43817042
82126468
77463557
61883592
55995165
20440549
51875004
27607617
34440053
70036366
27105960
59696082
204600
27687598
24441296
11430300
25352919
87463433
18298140
43399170
66474361
48404513
98328434
12887056
23283831
66694804
19092921
73033471
60047792
93923871
71097699
91216575
58598366
2667022
63293235
94140050
63859788
57653060
90839630
42606173
71426437
65843899
45659267
75481286
30908547
55091643
63944398
15478704
46828422
55405847
81639541
82274483
36448533
56883702
27052741
81897356
64223650
33931852
28785038
89865264
40478692
4522041
5010923
93099190
37373624
84848713
37962949
64496499
45082303
33822153
10607703
54307579
80554303
97594742
74787763
19876273
69664601
95101083
56538321
76907808
43246988
12019817
53325722
9008943
43096023
713659
60724755
16045041
33650460
23123886
36553827
73576868
61956577
69057438
31316779
43806891
49990583
28913456
62922694
89108325
84696265
17195182
55639181
51217458
32382090
83763069
4520763
99095087
74018428
42591137
67284992
24098300
32418385
33881842
85271252
20494405
38240254
71681661
49930819
61758294
4204577
58070886
72668848
42253837
56362102
86441164
95638793
11832163
6698159
93465521
70851402
81511782
57717391
10398379
57876332
31149418
25914683
55549578
40921777
15199061
208464
5831664
5350357
30512575
14113046
77787666
15283300
49228357
11972139
70172813
81279414
40924146
89281882
50055616
75247226
23797807
9912021
56528425
29127010
43841934
33497064
26481440
22112942
85853622
12187184
29655403
16144224
30192943
62744748
17191362
99136622
58005435
55231760
88828950
65508618
61361624
29039537
47536273
87346085
71934887
69071434
94047579
76466780
22742468
44428971
69774135
32145409
5774274
29555446
86938034
42520383
72331795
50450547
86566169
96035313
48716134
64701351
41532135
54441022
15745804
92225090
87581221
55202055
98653374
69829365
71429818
70090092
9241469
38678689
58845456
87906430
50603737
93078298
88887538
69174700
11307889
66765323
81060693
15106276
89813876
39299759
5676958
80995405
33394116
60909660
79633914
254823
66253577
33657064
49556575
97017780
78184712
85440110
79193159
8979126
34930995
65613606
82853432
46553154
12361145
50117895
94961436
69624084
19414048
96054235
96413464
41337659
39807570
24199112
7350275
91829592
87804361
54381183
93993013
43174058
36663407
63204942
52768930
14784024
87879992
28356031
63548753
5754251
68002414
55538833
8407822
97395602
26381844
37641171
42902632
20155479
18626989
64977804
13779381
89294560
76643852
46469431
14377413
64848236
39708905
80194328
36812517
74184439
68023035
74797741
66234257
13442562
5054971
64434742
21891174
47017356
62218644
33513331
38286135
969054
39932219
75419297
73359147
89811044
78336476
41300009
29913574
46039743
71870817
82073428
81362041
7985019
72960515
58799024
88729873
25254732
13028379
59732856
2834182
11399517
68854120
23127840
45376917
17609722
8378316
63949057
57549757
83156382
22550090
64784376
43370509
30315928
24700379
93905262
50504824
40446211
24715671
95903141
93217178
73169869
51997333
21576218
39817225
36952866
477617
51516361
18411532
72514167
46510045
94874716
78637323
21467907
17679213
76374867
76514788
2056796
15431376
51123354
48596836
72422984
98334511
36876167
95429607
55635002
14658288
17530330
77829335
23681733
30183669
47122230
95592652
50414358
69403535
64852277
98306976
51027807
10280167
17734577
49007706
30433352
64330597
7441561
847102
9130046
91068367
62029458
37225732
89147082
66485914
28839849
61973884
11705109
71594854
45862595
22285318
12879131
79321842
4560726
28964847
84673466
24648026
23741576
92047460
17571935
93656723
48323568
64902221
29648141
42013627
52473028
84013493
46995988
47185187
84246781
28453890
13843055
75066045
76284422
44058702
4281576
63903397
42960058
49069864
44168194
84687641
56659493
28100914
45202316
61441750
9150341
23107204
38018075
2386001
13435997
93321851
62580866
50701630
88100879
80015959
32280385
84910955
52422750
945235
12779
56355874
79318147
84357161
7280845
72795856
24820493
70568399
70624487
56519338
11741867
63088769
1034085
46116362
9626489
20771129
22189621
59032900
14612870
70413234
37559327
72251748
10722621
72781286
12142943
57395330
59482473
87064116
37482262
73933165
84668082
72826678
91383006
17993091
11493114
55367845
84463920
73547935
7784760
93710134
79761841
13322984
84551352
78811102
46305387
6254845
80761161
59633783
46219758
37030069
81279466
17017445
37496376
79616302
24121253
60308613
7809437
55368969
92628446
57966329
80475827
14994951
39176066
37593457
64230900
4545965
73280184
48075451
91232461
70168720
25979826
28544732
22951136
31419854
46863058
71046579
9547704
916654
71903447
66991559
25311043
27798308
54334823
35325062
80193203
94141105
8950879
18331114
75345520
68037254
1672575
38308102
44484900
94061896
44074324
27727673
68620241
7583739
13986188
13214341
94202928
39758854
15195760
37579707
4998182
24030651
54709067
41632714
55959093
9983002
52593494
5760615
52058349
61975288
85123566
90647726
36727575
29991904
10969732
67518713
79516684
231597
87529807
93403066
22794127
34962656
2537156
76808588
5115911
62399412
77515456
88701537
20387416
66233379
26090874
28940926
57540521
94839155
73180668
74466483
53633318
69902442
16612741
29752649
38244311
96092002
77095159
78536273
60050518
58233459
52996512
54656152
69294848
15016682
51487660
75751976
18189797
16889869
30248403
90274361
2874976
27087028
41840161
57589510
60328701
76603578
17898494
62429132
89050068
83312843
94813319
56995213
32576815
50529264
99065164
4084539
89112233
92005850
76345202
93655861
13895272
78007413
2544516
84467019
38958695
94238203
24432558
53612005
84621070
85970046
52902427
5627429
15491937
55396132
12669581
70752018
6753070
5896312
19736970
42839519
6896338
41487005
56908487
14146435
45746368
47147368
29915332
11012079
35590711
41075138
48816166
20064812
54199424
16256893
44171394
24343364
74834547
20472477
18359063
55574412
2917022
49718660
76999813
59326357
91426764
82963435
38589465
9444947
98011693
91031320
30759384
54693717
87057451
2974626
23340288
93623758
77322948
45576930
27360920
59016991
64209192
19803132
21950322
94910206
62287395
27319511
5778321
64848095
78099380
50668718
32760441
42392201
26096006
70247219
74195749
75046199
70844157
46537685
85372760
56426830
40540854
25399571
70211625
78682954
36826058
11135836
97257198
11820233
66148320
58607406
51774574
41162556
99295391
93190379
21783034
37931813
21569425
863177
97489804
47609905
73174636
91588472
7469052
70269670
73062101
33613301
35003858
81689010
36959788
40217910
89975029
79804121
29799620
96096236
59654492
97776292
80244368
54928608
85786906
22059084
42663538
18102616
15340334
91520446
95781813
24402516
60495281
88106709
8564800
60999569
37369616
297314
81522442
26285572
60297948
47768904
69170862
63615993
51962759
21008530
68980728
7590192
79256174
30116532
19722036
8808855
53759387
99974188
93043921
48521009
1740428
14833897
99188319
28085364
51653641
25503458
94141670
12735195
43837190
59602790
10251399
27348586
14647584
95285587
76172777
25846958
35748590
99402247
10026582
60037823
46145649
35746904
68632283
65739513
75965748
27548122
87237700
22216877
69963166
15505943
50300480
51922258
86339698
48513719
88784253
73096034
86343148
24078122
52531679
75110804
20064530
31156151
36634698
88930859
69449664
24599180
136389
3634889
27949507
2716952
96013593
60656544
26302049
98065150
3664827
38564693
29089987
63352363
50411202
68099054
37621867
35482095
2727761
19865983
55449198
84212955
98988295
90253788
97471610
48588766
70220032
86350029
29321400
14651634
78480546
53796646
87589187
57966755
5243145
65026499
29504948
58109136
74047713
25281428
96677737
9166413
55436083
21020609
20051532
98742485
39647017
35850829
71430629
77170062
22108234
53890855
9406065
56768041
13040262
266146
25991182
24789484
84444841
16717290
87083174
13097670
32868871
80091562
72518367
19809850
55167746
48104724
99420537
6974159
62971564
78346458
51579966
19239717
36585112
74339635
18623650
58405134
77494169
49911372
49882952
42412936
35618447
23900768
581029
43896682
29110144
59329089
67832923
34218040
75086523
9611253
82126016
75736858
75870493
75321965
78706289
64764824
61289300
67922929
4131070
63452437
41788434
85408848
9269530
54452981
25512303
85244103
73089071
35472061
59716274
36808756
2231029
48331277
94320395
27380215
71700812
41737048
56018768
83800880
49390890
32717590
77202754
64732311
58040293
22616720
4046882
4680952
68021852
18517905
69690278
75248638
78375191
49009714
97435632
46780233
29156943
49862952
58534301
93766421
305228
3032933
6080605
92147464
56843595
12458683
97826552
36655865
4915555
14548688
72458300
64598698
68406080
24296047
22703100
10746485
17420637
69438964
31455919
26530063
97013983
33051675
42348337
5870403
76688705
2149461
55111191
73914626
86051084
94087634
43309463
96593996
65882301
33364766
98534116
20304293
15000330
9523797
65977838
894477
83529888
89678472
98072214
34681111
51504345
18745621
94699905
22903165
46750985
94538777
67235549
74830015
95373511
97538600
96220534
739558
65218690
40320702
85066889
22657382
16764697
90244906
91618196
13301385
80684179
5506899
65867977
10593964
21241697
20072246
77815984
35581446
95969582
33866890
78533599
45056897
12311634
58976130
66839904
94263862
1633384
40837358
39717787
75224124
91625971
37871906
46006556
33913324
85759498
41283620
42751333
12154332
56911510
88566375
9569959
20650037
58601294
6216035
66430510
24366608
1860077
79103467
82398144
42768180
74694486
96873050
93085397
23872649
52141905
90462265
16857369
82618415
9352251
55319051
77398788
64058149
6670148
31972389
88810347
39132985
46270064
47122023
2427818
33876150
34098779
57117793
86431037
17810261
34913194
16284349
91261821
59509783
50807078
29947739
86713885
43892630
47773719
35172199
18392625
13317924
12975263
52316788
85212383
8933937
76392294
80236139
23811981
4474542
47664589
26662482
65785680
41938166
57600857
7531850
41715276
98073953
75765731
54397784
98718778
5421375
72739912
67420543
3593341
67502932
97266928
88529805
82716640
96778059
37146938
46819040
92808141
39991144
9579437
87949512
6089528
27762227
62366404
56056808
44411916
21463567
76268487
70052596
32289734
69258524
45386547
87292961
94123369
53865814
78182530
5819021
43275082
20520411
73735246
93693755
69106014
76426741
50503866
99279793
8072820
58487988
72120548
2631064
43809561
11304955
87803852
41490758
51255896
92974363
94356482
84096429
4439672
18714133
83513732
79651357
2480832
93467921
69042713
83469201
17221150
68666031
30648755
3276712
70329594
70579780
88297573
94890191
7168656
9691274
58517005
53956268
27208573
29722593
5087947
21081097
61002036
33525022
9850933
72412120
33160276
42346156
63118994
85948514
82682487
3652292
148362
70595897
24692170
24343415
72662548
51812457
76907630
45557714
74006537
28322859
50520313
78296379
44958468
55983986
33069046
81981641
10403019
32156973
23686405
59327598
74084011
25416341
30159471
98741787
40664588
17453620
354809
7617060
45958459
73002355
95974394
49588241
22296637
15744978
29254614
4718601
54967543
64808614
58829016
10731971
52504416
52960830
60767780
97424934
1741099
584795
47412290
39831812
82952796
61431756
58557077
47879836
80348690
14536437
21233105
27481564
17537035
96650283
91126746
84857467
59195792
58383527
88441626
18562463
59427726
27842632
74074433
10670055
93012679
99861901
61012062
43527661
22477382
95977455
48844941
79994193
44871860
11004325
63390459
35648646
40799851
73287553
94105221
17111826
66898443
82445606
45014665
42037319
52269230
35973251
84420226
60377204
13020795
72023839
90446400
6897652
87512717
87593287
7981163
55115099
15927286
68509992
98749387
50212542
99888019
27290683
90730376
94988320
66171706
95569564
55868364
81125742
32741725
19978817
70181840
64668881
11317024
20939953
90702873
31464430
17409763
52492169
54504564
56624958
96654235
22040281
12361435
99157046
86327065
17537954
58444592
83320944
1272595
72510936
99535792
93985729
6924831
58858926
57513007
84497596
27985469
86141964
75576774
74126895
35178634
76567240
37342015
91035005
82059642
80537448
18154418
77141358
61566956
2081295
36467975
90291098
23074976
36873507
90158840
64431957
64628648
85445550
53215316
32522924
94017915
89504578
95245915
74590985
36308055
1317030
19232882
12102447
97457901
2954484
63481480
44418725
79113035
49765052
43013487
19498
40265880
48026756
7366015
66989513
12898832
2173148
20962511
98245956
91419669
80033031
82468326
75911380
34440242
44596612
23558549
87363027
36647521
42269697
98718168
19432767
30940132
7160571
69603419
26443192
50966224
30520263
85642823
44407853
34540504
93983835
21057785
39458340
73278357
28687515
52500248
65401884
5849684
51358964
20344568
63065674
52208451
82579472
19376135
31379359
48731124
98528019
34437612
11033372
23116723
22721566
66517262
58859046
1905484
80657157
41173007
55898924
22537021
3975421
2280329
51233108
46557290
12996806
73638975
49764939
80050624
81001727
38270227
72268650
59463411
3030839
82442855
38577630
61980850
22604990
71361092
17353329
12131053
16034346
53425777
39308157
82109491
69631550
2876845
10866613
79610153
15168679
58459130
90793283
34187493
660518
35838281
76588688
60272186
5079040
687982
49122150
53000064
17317602
4639101
85647462
78072404
80444725
35569526
13214387
87239544
3369680
25918010
37885027
23339057
52689986
37048056
5756199
23200607
53772726
57562894
12664179
16252212
5404622
31465358
22020487
11455436
39857992
75694067
61784472
10552782
95541269
10496937
85850097
60870137
72164798
19065605
78149379
14328010
70334405
79722117
79378168
3281971
74289351
44460617
22369661
22694701
64431109
70678490
72982957
71383577
30885406
32137859
99218050
85442992
19952160
888471
16296152
95594807
86081777
98226121
72142240
99880014
76349052
89478780
2442738
13738543
45583451
66078575
8181209
97502288
42437627
94658296
96506621
61720599
16823972
51922469
94022597
68883807
74070517
7743641
44198782
16327003
389711
19019384
53614697
56051784
97699552
75849145
15204397
41603105
3686052
81481504
68928475
71706362
59819095
23919216
39381995
66289703
1173068
6030555
64960427
80156375
140050
44835627
40037986
34895115
35635219
44120542
50314379
76195157
66943611
25412295
29114259
39814107
65358745
55036574
3038118
30641060
92728222
47614316
14997959
91863304
50801455
59816553
57613238
28699908
71969843
48761719
95131675
57290002
45744456
45257798
22570291
70453684
23091957
66848209
47532231
66074611
29461118
24778317
43295448
66615817
62780523
33312866
75966614
49838502
46698395
58334620
31078737
74733793
53565786
27246009
97094678
21477579
64123853
2181124
45369261
59674974
58096512
55167550
38926824
84144400
33338178
4538618
34011238
38712653
72066053
61450031
13166721
98083428
34753750
5040630
72719437
45366579
27162101
33367958
40479332
53100955
40640979
61683247
26899245
16673450
21426025
51955682
41074819
79196803
92407876
6825351
74778344
9750347
51519177
1874513
51803004
4443909
92366496
93442306
21526350
23866214
24110023
91242459
40145665
92419055
2365227
45430304
34794049
41774294
66944796
67082558
45121343
55792323
14157705
91228824
71661011
83286532
45432923
78404294
65676010
51206034
34649123
61519033
49164216
8726999
71169088
72634972
87588789
69339761
5306971
85642848
79212954
53040668
56368635
56090813
66430306
85032986
76083722
23433254
88760430
15324120
61877176
56372160
54127031
23169287
39233650
41536815
57002867
4258850
78816108
12976549
82754547
53098548
38195878
58526012
5100734
42506648
95086704
93850377
82670613
20652764
83452136
7584641
42396861
99851992
41110665
36911187
78604665
93704390
76455622
79773956
8926317
72664831
52092080
8053320
91244041
70866725
7609959
99785892
19075759
88640881
76280194
60520038
55360507
61120014
82591789
1399635
96352490
47495171
45864964
61032793
57756429
18823982
95481628
8212661
41336746
34879793
26208259
35394057
49844697
85562247
2953077
49925696
40346654
53556618
98541407
62375826
96822740
44999912
38283096
8252359
52635859
99321328
52968475
72633375
30069638
60048431
47967432
20036907
21533055
39081466
29384177
66325830
44549673
61852849
35218400
89524228
24117053
83390869
42946529
78582703
81456076
32988885
58941869
88456606
22808854
83304136
75182473
44127242
82326515
19198476
7347252
22472936
41362516
24665470
67068520
23819848
31452024
93548567
66619129
37841210
92222200
6609643
44716774
29882013
49985981
91521116
92836265
68369833
63516804
48239108
14289560
53252837
31840154
64338170
80689055
23209182
16036892
8106529
85054486
64716983
80902714
9397305
87880860
38276825
43405179
11265308
63441177
3682192
38570922
81305578
73674246
48661756
20568255
79880855
54390838
16868152
36843643
61740983
56681983
75659066
93665777
44794378
27458881
51323229
90430068
25289407
22357191
45878705
35958118
78687858
52264818
33349837
36948946
50981503
19619194
21486315
2861862
11907281
41434996
38036003
96186609
15274042
77288192
15695320
15888132
82218170
17688173
65122358
92643218
35416446
31725258
11013618
82021401
44862159
37122392
2135803
40001129
42004726
55499692
56950236
32088395
96376621
91450432
18573593
60037663
84441271
8676160
45474120
91645739
79074422
47053194
70666128
78385882
57275063
30850845
80848155
14495514
33923036
10985070
99335976
4751825
23135995
29563960
26582286
95756790
95653414
31594193
43104790
36521182
17700994
91007996
74992506
80701953
44607183
99098776
54423193
15094931
52230107
19713803
33948662
60976601
6702940
75568207
30627346
84153949
90355543
91554723
34830521
20736205
23818180
87950902
50183069
30808697
22610659
43754459
85457812
96128176
10139677
95586859
60601544
87226395
85638661
12876261
5057376
82772011
86725980
98087788
44431020
33532645
44396940
53528492
3795345
20389477
66163553
3820865
28362947
94142739
61830813
91192698
87567054
9156629
73605287
21455745
23593761
31595757
66209100
45054618
81161127
43908136
72142340
55166425
92647830
7180289
30192853
6226477
71386545
43195683
72033952
99121429
19205887
90240124
87380661
94290072
14219038
40717279
57854870
98395092
17055988
74591273
56945258
67449813
36335799
88881802
78697147
6496761
67841138
19099445
67345110
40964545
39795790
78631841
82399022
46824720
43839708
55293689
63962422
54697435
29504741
99468300
86429209
78684680
53875064
17372454
83605493
56918775
96510297
86718659
64438658
65308312
46686423
36543059
98925922
85310787
22705040
9480584
5477704
11618285
90906062
3689424
11437498
8117671
83039823
49332039
66188894
61815767
27126021
95897335
32448139
29895002
9452715
25901236
80212458
79773811
67890604
54948707
32336759
45889020
85318809
16743639
60209876
23320312
53441912
94727495
61711900
38306350
65129168
52482303
19245098
43077221
11792664
50554565
91491412
12006147
3500425
76092160
63431335
95116911
24946606
27787714
91188524
93521835
89955583
30094064
30673248
4694502
33816302
23300734
1349722
40162370
43048210
28009794
51321570
7037955
69762686
84417913
35189058
59634741
23315977
31990199
87741401
84091561
48468108
76649306
42312068
68620158
9800983
4700038
62122269
74242772
7299901
19249984
24497804
31064078
96863571
70550645
96536034
24678027
5429860
18147808
41623055
34176856
82175880
72607653
14118514
35995412
58643303
13876905
75110005
49732293
6249921
43086579
72144922
28735952
35058067
8802759
51120435
22545445
10342858
83060347
42756798
82485038
38459071
51889175
95596500
37066558
35799743
96600609
8770851
98277389
98190039
66074690
43906813
48946539
86141497
90503796
50801223
50538386
31025969
44078284
56172512
93516715
78044899
62104371
46348791
90587620
48369495
393509
54435297
3081695
84387103
16026620
12595029
54638172
77618201
38769529
85148061
28758400
60729655
9310118
51926151
6527054
49956750
4057011
20280475
20711399
61017454
68584574
58796624
76827971
30874937
15131528
16606710
20025612
54028103
6936638
53259355
37638892
82824877
93530694
67726824
9310094
97873965
29535589
95451318
77369359
3286588
19529696
38130110
10072974
47339557
87152470
6151568
450563
43652076
23823590
17098672
90167705
96440448
84187766
73784491
7129724
69122267
97277318
33084308
2933016
60730620
51625753
69976652
24305598
5956726
41426605
68441633
44906230
98189975
75659801
78098440
62727474
59014338
79015655
48386294
49662537
37222641
34794833
42094617
90347349
75991298
6415478
70898034
27292767
85078333
22523396
5455163
27027427
38522268
16962213
16499154
58836139
881834
55264073
25571
50622253
38927099
18475907
7301966
60577779
38485155
65947845
25747552
35157535
99098761
26102370
77410160
89452252
74955368
85121171
29913832
76662946
75248612
63071873
85683089
39769422
58075843
69819011
86209665
33946371
64591534
61717728
89688579
24400001
82278076
67477180
80341470
615780
2595228
68487583
21284493
28312376
34720682
30250068
38763308
62263120
60145976
60631338
55642804
90955853
31957082
89859638
56380001
9659369
59748194
30185915
99823929
52863961
79516021
76281494
4332922
42808222
61691970
35951443
79077509
50663086
84717730
39891046
30407189
7018004
73888079
35546027
84061315
38514123
90646270
42036241
20046587
93445983
64410597
17396271
73767905
62587965
13409386
73695579
44698039
79530216
46958076
32235020
16418385
71361867
18262326
30708777
97762063
67258293
55537488
14124247
49453645
65559362
1588744
56654093
48045332
31861641
98584697
69127881
35285137
10855422
81821704
55545605
76492471
50721927
78452788
24662631
82282007
96440499
6290003
44277081
43695173
48017741
18735295
76177722
43365683
43972436
97922831
72166795
11088245
51955787
88643688
77851876
80320478
20368130
63750155
74725858
14177823
84389050
30025094
87742688
41409472
85781069
2293940
6153031
84432146
4716575
8074777
44214210
30884279
36456332
83822769
16827780
14951105
5479008
45357100
84830440
83613011
88098964
96178576
74281717
43534246
50446155
38579571
9507266
5184728
21459946
73270823
61793221
60614998
67634037
14253553
97254645
33679479
59333357
80125896
71394811
81991839
95074855
85162093
15233972
17679444
56096505
12537569
15738634
16380671
33077831
85314745
31076798
93370922
73521202
86625073
79316579
63508951
9099982
97909982
13587603
60137209
73147663
55589183
25681747
1451170
234947
3125379
30516822
38971004
54869232
78064025
81455526
26430665
51920649
60840140
8746891
288830
7275335
35030039
50316248
58197654
69699852
12733095
967512
7755705
80642868
77908601
17719316
31876586
58267311
28768742
781769
14137347
86707262
5772354
76773684
67671999
32581510
40519374
83459524
31649223
27450212
76519484
74950926
7662789
65411256
66461043
58071781
10065025
35853268
29331570
89179567
55101309
13701946
89149724
21941089
43278483
55564732
90854628
96996749
21471721
94009996
22607343
62666866
19551254
74943736
42851513
14530625
37253610
53958977
82627025
24292694
46792018
57884397
74326273
52709415
84135448
38502259
76126469
59408699
43128165
51177132
93426696
56234575
15303988
39323907
50382846
93203174
95603246
54746665
35864172
3640331
81402214
47318726
95496067
54958312
37883508
16963542
29673623
94817484
77895862
9559499
21105782
89604995
95850850
32686173
42622500
72790401
76945223
57871526
6099246
98803793
2277932
25677370
10619678
89147764
69567165
78345828
11849359
23203987
83162769
94472472
40486008
21569526
1383297
95808011
26457475
38522397
29667402
85658213
6453854
20140824
78220142
30598351
26060727
79268602
54133832
7874173
40386216
45123290
24659369
469284
8592670
36733472
61560183
89964715
11277722
9449412
56341428
37348129
49685585
14111720
66481734
50553450
45695023
7636148
13995353
88930731
37160172
63079330
75664347
79833099
14385252
65286353
45942452
93978528
10279239
18631182
27024793
20383684
53079690
56855368
66947221
74310400
71839128
61346066
46261172
69271084
48102701
11837404
62342328
52326799
89435948
25180413
67174478
94163610
32691342
14242995
49115721
86243961
54451396
15043222
1391634
98702276
5415602
21160187
38001887
31845402
4963234
41490047
48243202
44826976
54152663
14037945
1378580
24269206
66330334
51569239
48930168
11470657
81186368
26986100
95861253
60811016
12215411
4199710
2081513
88528519
4260055
22067810
43243942
85036921
96389240
87474169
29330942
44947542
68588086
56789811
9123165
13704667
89883331
75683174
81037640
45333685
36615993
93337685
50981583
7277751
85207002
9309054
14349407
88718190
31112410
3107497
63431640
76470723
32938889
94697369
50931489
20221649
60250180
14150951
65608503
89936131
6550649
21917986
27137874
69706861
11125228
48612956
40359399
33651029
1692859
63170521
24162559
5737948
64525839
35116606
11725670
73433355
68427211
61988296
13089371
15995596
70321729
32134080
47612269
18689392
68558716
60954184
49622583
13261630
76610273
54059120
12607298
78212365
83623445
75562719
30810175
27480388
56977842
41849280
96031971
1090088
47556690
57110875
92884332
38686662
56718828
17029129
13876191
41192705
26998682
33625168
44831044
86812692
71014337
85955600
6290087
92512369
57994450
66531451
8694198
79291517
9990335
90747044
29115973
59855375
28752410
38222441
27460067
27467047
70784612
64401451
25638263
99800764
68797036
18863684
64762772
75253287
98336180
62746417
3364869
7353972
12291017
49766833
62931061
62144492
52851615
78053885
8065669
38469580
72484550
2564754
67654546
74073206
69754599
33479331
9413574
52417497
42160679
66193338
68576956
95927327
49371593
31170234
9880046
46820053
32793178
36822654
28228421
6171535
75893642
36571219
6745746
31265919
28713928
72626393
69118951
47998992
52976284
28301267
58689656
86445874
1095402
14297624
30971738
94368408
60821711
26658139
15026889
59421581
7665678
67905309
79608480
47464815
28197642
89954155
83683468
65709940
13507156
29055412
50882027
53405942
91953933
44110698
57869700
74148505
64699486
43600437
26466570
5519146
53943215
61527276
30940970
36520469
1428951
47877106
66062647
52632527
63935619
17880480
53902712
80583336
26008421
19087770
30179593
76101308
42569643
5183552
75965089
98910827
37228155
53199862
38787262
30359333
84315987
46773094
25667093
62480608
26268796
83387755
19339376
70385344
39150459
59089088
95344281
63669014
54638014
83536131
62200481
25845574
5214751
76503556
94510112
42637327
68791961
37309100
59991503
10988605
39030933
21310385
16152340
69249949
24850088
31168464
56728451
34462481
48790530
44256012
94783253
55159209
53844599
58645180
84113968
55600006
11563022
21502186
26900437
78088901
96652391
3557028
59746413
19504053
57440283
79631933
52296084
15866111
26686779
39957704
51319531
45847282
54491411
33588089
59896463
74541740
54960910
89578129
47176423
91325178
86321613
8769314
47153459
80929938
60767957
80043949
7123392
21105098
84646963
83689866
32415729
22629185
2860963
42960197
54890107
55225291
37324207
15831098
49703436
20375586
5657349
69571974
50521425
15734146
35137696
87302256
92903408
4190380
66247733
27777654
91562597
20482932
3087109
27281428
55709151
46771824
43086004
63070108
96472237
26613215
56808635
5802046
80706607
66174916
15604709
47557199
38899870
69586750
180420
58984438
91789066
19335351
70228735
4756904
21482261
77757113
95545447
59162678
15519401
1363027
85771174
79996607
90328276
66173976
40791040
63260057
93031993
51249940
62677205
21707205
26086522
43505212
9836307
75197795
72741898
86495453
83779207
62446890
75016889
52179749
80603012
87574488
59833658
46537549
93978483
75099861
81640631
40906883
73184606
76783334
18798159
5922695
77995860
69107380
94919679
34037813
90044731
55827680
37693131
73842571
23338279
66657306
84821730
91194486
41119966
51549581
59031252
71846582
89473917
48969600
71637091
55145166
36553028
81754661
94688685
59876370
64011193
15001533
69829469
20833550
29121290
45367607
85357187
16264818
29446624
70557300
96531517
3722533
8932594
62099889
50060715
11273732
56300729
27394249
90299928
69272059
63175334
88867790
50952776
83063408
96282175
51759541
88271931
34468878
27822493
3216108
83835973
64391600
89695320
47963551
65500782
80818697
8933002
18245844
94230904
51851211
42821040
28233468
87310955
18093690
14612655
56487294
22640349
48911359
95701852
28588188
14973389
34502385
66897059
89142678
99975864
89498223
5181790
60164410
25753302
2770596
50554537
34344886
16172261
17639975
46246467
7620479
86931415
25103235
85461520
42716464
85169768
46888312
46180468
66317712
39473775
27533593
55712779
36265496
58760662
24110299
60836347
30825382
44996630
47850884
38155232
98156985
64179005
87624937
15656135
82551802
99792856
37961503
92934129
34275418
4571861
28643512
99427900
77722952
7023744
5297551
78907493
6112832
25662792
12843817
54730869
26915394
98745509
6720299
35808918
94720264
95231412
26793684
55385531
24912813
69436350
69515680
36561925
63440184
30914860
65711957
53952972
67892232
9848482
93445480
