10637739
52012100
53810921
17419582
18377203
93096256
45861907
91616461
48717406
28960965
44300033
43195422
59892993
58787689
70848241
84211339
47159499
65646605
88578648
63789152
19368191
23588393
56107154
85927131
98014779
79547924
1035912
20727102
95402610
18715357
30628042
15497832
54217585
70070022
84780489
42608634
69593752
20111776
52447191
66177854
23035484
68134809
55185317
76965701
93423844
98450421
13520208
23153582
20459868
58427777
77738720
33854098
53019061
3904470
54509175
14430854
10403681
83335140
26058204
30090483
11417790
87608748
48397270
95343827
33527063
7101763
91111681
38952514
52673091
90571827
84043508
57224158
91617894
48939937
68985396
95601061
65584635
98189632
60353502
74471650
30395020
71389479
6110747
48891840
32965011
92091433
48047951
80175921
97221884
7928977
1780807
53519588
24247528
27072584
29547527
76049677
3595409
2338355
1495938
73425087
4832499
31950514
99341854
21109073
69679225
25291087
14325782
32411319
38698855
86236457
51268419
81799118
97103004
97945233
23793488
5828252
52623880
7537370
90701557
92739455
919114
15273121
65567179
22520542
25122095
51018794
66951516
76213748
10408927
7987385
56489409
56253588
52454688
29692390
89206998
20316921
32692084
6417237
16923361
33961178
61635350
60581782
26589455
31114570
50731455
21868132
28754157
29110666
33696355
79227187
90568107
73796357
83181732
38383382
96947187
67549072
63383988
41278470
75897820
84361589
67032870
12266416
8126455
53127275
38734733
48914442
51255637
65775502
49223577
16714005
8380332
6515969
14819446
12004523
72674599
91576804
11130886
80443426
8906820
39055738
98519849
28928138
41260351
2116904
99814395
95477478
60792676
2877386
70065353
80139381
8330197
7507314
5507097
59958504
81349428
53918128
35040632
16755376
15766951
2559057
872847
74536008
53697920
27882280
40469290
50072660
5154440
64721740
4233954
67534049
732885
29144687
63311540
2086026
46531329
15382039
68527910
22612194
9619402
33006766
83246260
7476464
94209432
54566092
91202699
75203176
43345283
35124165
99568027
46077601
58581262
88140778
46234131
12860798
84946092
57294072
62089472
43527241
58293187
8233498
39619552
80141563
76035018
53665516
84759436
92042946
5935404
82040678
77165437
97454429
79635148
54997789
67989960
83864748
23656541
29939842
13639685
22875030
83534007
18253464
76616311
19764169
67692829
61277170
40051719
17618365
19364140
73523913
4930017
40015360
67983459
12612727
82171683
91002846
23348331
89650488
89623874
65018469
98205379
72333927
38295604
82570968
68018747
47797388
58913726
70176311
20483635
36698957
58700159
57890646
58609505
5712598
20207144
22355550
98896519
81723071
32886962
51727897
57797829
21196417
10152975
9309486
39570433
68138457
27033314
96591986
90630097
5050842
63604301
75147463
25148776
17325336
22197033
90250769
63176495
52981810
42171391
24984909
72484103
19564903
74046645
92852153
77253946
36694731
63465368
76402233
69244603
83953355
67859908
34405506
46326730
98003697
19691398
18452761
15903459
2602218
1366219
52076601
50374596
81353556
24612255
69934719
32730014
7582287
64576380
14471231
63769268
64854155
93066772
59630741
6222193
97087657
41840169
90348346
67565897
33114159
86907540
34418073
70328088
54383832
84277101
59845343
2324147
97361960
45681015
37275297
56517160
88557062
91971094
42297070
68809912
95404956
44010444
19857344
44439671
9252675
27174562
8594468
99365642
93650152
41147337
56745192
23268093
48946988
22406856
12427531
15079522
88631938
62714445
15423692
75591211
64132669
12259196
71776289
14556621
98872773
86194809
83683368
9114698
3402866
278602
83784141
17021057
63786739
64599256
17698216
23975986
67557032
59795216
59546758
13663582
25815520
24135003
36086260
42582204
61724386
1439593
15832454
27000570
56919000
69245672
46486130
33793702
25975926
46821512
41497919
66614111
22715915
90745965
82694442
27873858
34419028
70586822
12585760
30904808
65124889
81636017
98748198
6141796
51996014
63070690
70900291
53035439
531326
38653893
84040379
14554763
14811047
53669769
3444642
77121816
96901684
8160659
13817495
37284226
10391198
13073144
45778726
24212290
11915827
61616996
88941087
66961435
52194092
92882955
3433417
35169312
15265069
77181555
38727041
16557070
62256956
99697637
27216035
79767753
22757953
51348643
14665119
94829332
2335046
36725951
45963301
37696970
91073401
76756707
59617082
81431516
1988151
3072267
41649049
44958336
2354910
19408352
44148762
28634726
17475748
68077195
65940178
13802400
17118821
31816986
19375206
55388287
46201357
56240375
92331057
42226926
30405517
45824830
31916403
40583563
89937249
85417170
49295032
43873412
17571291
88289853
70528917
88958293
24571410
65185862
16659915
35731787
93841211
79129050
54305380
672200
3853428
62088913
75263061
19841005
35425217
50832421
48230839
26244689
72394161
37345173
4650471
33546017
49341073
47271709
90465322
54854845
96761946
78771342
14739736
18754687
4852109
36939616
85944185
89110073
10202843
9156858
85241005
30230085
59603826
48612761
31924707
9706652
91017830
79920025
49993601
60066957
23471152
2817525
16314249
58217627
95364854
21537824
33495191
72679766
44098176
25309679
50666271
18025575
65123161
86992860
62827243
46191905
63833414
41350540
15605554
76778874
33865008
15755612
79271272
66948968
87472239
32859310
3154365
13888562
81369404
66765632
22697008
43893758
37003312
84643471
97743470
12526021
23537916
19812332
88111905
53227670
37689500
27830492
23746360
34048105
27863921
20145525
60088555
93577136
71818740
15746268
12941832
95527491
26991653
97501443
12165999
27670714
34876506
74608807
66299758
48694719
661969
74477064
20134285
82451244
77018935
7784449
30611822
88585763
47103639
35394643
92625118
16778982
51861778
81930899
90834637
43038490
86486009
35656610
96380662
68157355
82154987
76304986
72155484
32135470
70420665
52861898
31411993
27500148
80503169
21419538
8337869
69073090
62817206
36535339
18743677
76181009
37682094
76935017
27848488
85721496
61011688
63147871
93875991
85942890
37744681
11936071
97492387
15260308
95264872
47975661
91251669
53397999
63130209
85826739
402952
27559470
39613400
22766278
59930394
23701238
36569600
802626
33645696
83595357
11210793
13673452
9377939
68955696
63358040
79314541
65030298
32141849
644033
65038479
33145926
12477542
47560664
19846938
92380952
50304017
52092238
20273074
79498061
379628
68078951
39991043
35612241
95043038
9377469
82734861
19003723
60025437
33289994
10413101
55836485
67781351
29523367
27938459
51467346
53279614
32274625
46937392
71697255
59489750
51087345
85219407
96094780
84749603
18325943
18183591
14947129
61107181
96409739
96694774
96624447
48513731
52466287
65941940
76866930
64774571
60339570
87528247
10711613
49637666
68976605
49651989
75779888
75610486
64394017
52375896
12987911
94621330
7365203
56937035
23866681
42864459
6311475
39520779
72838301
18938140
40692411
67816523
62464813
22781256
89386026
7081850
14500677
52666654
51514862
84572790
14271946
27229598
11675778
89722791
77343916
16671526
56876931
2231033
89593169
2621445
1765931
20418643
9262044
21841006
5817571
77235669
86330502
13822548
17674856
74245314
15025905
83117220
89225980
54210874
99225822
87768429
34567693
49551341
56556521
66270515
55860261
941523
94548307
9243930
96029740
65554877
82993298
26100046
64026814
61456704
692906
16591774
36569231
8386019
27647298
46005172
16903697
34370606
64292258
71298030
79834886
6993150
47404913
29245892
22775102
13040928
72959351
92636623
51502106
28105031
3458697
73269156
63735186
48966594
14856963
43015756
8097779
65679167
6776000
12904228
59522343
91488039
92333747
37851134
35131466
48896384
22075125
86741195
87326132
48757231
40106891
8883053
318006
65271729
79055540
55028584
2351428
64125771
53813625
42279736
48997906
49034046
39071881
3466006
65343579
82019365
18290056
98037392
70941683
85088728
94541281
9993516
97835989
1283689
85956138
77801386
76385686
53524063
47400875
4044352
41768155
7348777
21920063
91366374
52163917
1129092
88603575
10431159
22984054
97550208
22321857
28163014
39181090
25071934
23706189
76554367
95290342
50498084
52455981
18827961
28424864
51181049
18847069
29597008
80459698
81176128
52932726
79232909
10532200
3578598
19698189
93100
58676108
58389860
40933647
25896842
67561841
92066089
72377290
32868484
2886640
47976434
88965487
47499480
67696398
89887668
63803591
39372594
81320394
53761927
64696840
59834135
87629879
42420013
71349336
69463619
75491944
47075112
95523467
15353335
51393423
73250795
59658218
71608258
7330396
31209002
89366740
76364651
20067873
76485915
42375478
21157195
73662308
99844291
83428838
39408645
52577679
87293323
81822851
50937455
34926671
71609306
23841472
1162343
31131241
22616076
31176375
24345212
16082147
66431850
39472879
69994650
231642
19311406
1588111
2800598
47201445
96436519
99749524
47395347
4841982
10772303
14895099
16903157
29640653
51928374
82931124
15393463
64589445
6816948
90502777
68652614
70062076
34410958
75689507
93729478
39453482
8711003
78345413
76407754
65526759
42976503
96931095
8901076
46091744
44226126
4900199
56386005
64206810
18620947
50451403
44161828
85991361
85996939
75008182
79211684
10829276
38763888
59492691
43210220
75005930
41378804
58112483
43243351
12330880
16628505
35990215
76773979
71552164
34472434
3695712
89351599
50667192
2704965
83489295
47458279
15496644
6588313
17733406
37633279
74841038
98491578
44872138
23821002
69331489
75739851
24874204
27283587
82798362
25358611
67796427
39564272
88951024
13852904
32310132
45341689
88262092
9004574
85336448
61666860
12732429
46695619
99610186
24065860
74084554
51491277
43262930
24318100
40661472
81082143
50802799
20469349
90805435
4716775
97262072
22091801
71383593
4042694
19345887
97045741
16245002
59436010
25161197
66517685
19246927
50945436
36557211
95621299
1005670
68742934
11379914
24115861
57845661
83897852
6737139
70627187
32724289
88392162
35228980
43400347
46525970
69319006
15191096
83710411
53107284
57050080
82589994
95693898
52087619
17105101
70152068
69435754
33178157
20532497
14430515
44473976
4529013
71186310
34047346
67969854
3737301
77470581
69232758
53399720
23636637
64205064
8236786
62593973
9988966
55400188
72442743
92778954
72892159
76181819
11399825
16655449
48799469
89178340
95060019
60730133
98285273
73434398
97676806
11787124
47331126
5972054
5417919
65531993
8400173
45820025
97803443
64210728
68858434
23172822
32982679
24745061
40581927
51399511
76437853
30200518
23770230
61124566
5769780
76272718
81728387
60188994
36365560
79669050
44289309
84873216
59639120
96147963
94961537
77362918
19220692
72257907
33038298
27741461
78280298
61501256
51896047
67992189
72152222
52399140
6463466
28145982
40405273
33197340
10728235
65984301
82776861
14974988
48148216
80934115
76783310
16107193
10555504
7664666
12953374
19597564
82972476
29604747
88247670
46098164
64370559
63172337
38712223
63148423
96091758
22506645
37571126
89049558
46125290
9181421
46272757
13874073
53133743
25186729
42312687
45234459
35080637
34673835
9411523
24620702
61549652
85898310
54621827
14535155
55006378
93931500
85288757
42099622
43090202
36815434
32509448
2142620
142712
8155174
94152510
80601064
96567412
29333617
20729687
67941283
71802870
19630267
27142102
60817062
69068412
23346552
86946564
36830925
94839642
5375957
44387082
60886105
63662374
67275600
68303039
97744678
8497671
40293011
59889535
9665267
89585043
82409907
46127603
27707464
83211043
65849250
83600922
28266253
68526660
41233823
4675029
59468164
93580595
5444612
55487783
55383990
11050213
6825098
4991072
84726527
80626996
58792463
68018439
46123014
81299186
64209886
99941956
2679408
65502759
78872138
49392907
61358606
4508233
19619383
10919233
7123970
88772208
5808562
41673117
32369764
65974851
62797721
93092925
22194014
86510935
64952580
65961474
13691680
55643046
83532835
85395108
95644693
21311634
61324173
79349337
82529936
58947225
25105009
91841880
41520720
71606873
61502752
69317059
9632603
33404701
82515960
20112382
93316480
19393929
56918500
16276456
98417896
19658105
37537356
82381575
99659413
69346770
35357504
53438914
38684157
98077109
10091966
81310926
35346707
58890161
66315857
80706938
58412698
10016609
61020521
84131081
72878088
19053341
36661982
76013471
72516430
21690407
93711419
27055733
4444346
5774532
61385891
3544842
51444504
93435921
75677842
60527637
43575850
20438868
81604217
28478246
38547975
17356844
85318993
33574773
76575358
26334433
31865310
57439074
18068940
71230583
35492284
37635752
26508173
51937730
61258291
61351658
33672529
55301123
35624294
64890654
42633496
22774503
10953889
78785208
22632006
37579366
22657132
64753394
35453135
82259865
82521294
59986839
5375211
4789111
34467465
89730375
65245728
79979808
1471127
1526226
68970752
85673199
58745836
24607883
14945366
32562059
18193455
17762612
28328689
38261475
98821461
42058709
68417081
77153735
45922883
36338788
20367063
86860792
97142598
85015602
88179231
71877508
43359190
10473356
50122585
99574554
44062877
47361400
18709941
54914656
93592653
25437009
58764165
4875402
93686675
64178515
42230771
84014845
72260953
31549028
45680109
40582410
27134990
2331627
69264276
92751990
22326874
84065443
1366988
88131639
25762652
86445768
99528080
16592843
16511359
51721792
70494153
99427631
87499331
47491476
37526748
76016244
83516048
26269647
77510429
50273016
5042427
72634333
94909271
43315482
67606909
45224467
89467778
9319645
79666221
54935297
52300606
91570545
38752938
19944391
99562223
21529919
5691583
92183409
69156800
53070583
52802274
38202020
32762779
24736733
71044493
84332863
58099758
28804876
75854749
50485482
95704016
98488042
43298521
29055170
80217554
26853554
6523325
47402168
55460444
87445859
7636160
37969898
72233260
12603369
53948877
75975408
66131220
75780735
52998203
88112242
76265528
74913803
34256649
15208602
69115969
77772421
2659109
24099908
3837389
77558617
83485398
49244735
78010263
36172503
11884680
9319265
16869817
76469967
24998368
73972014
48667751
84583385
46507668
91084511
45704784
25055005
41278749
74775616
34472155
12564000
10466278
39862892
27351031
57246401
77955030
74524491
54497930
79628616
97915379
69147064
64618346
68609056
5671697
88820631
31469862
60844372
57189736
41457147
27899470
61690683
98081781
36755861
85757681
91159202
47339255
21672338
73744360
58228294
91447060
35833512
6986758
42308410
72576032
24627557
62635716
47889547
97895408
85070061
61309941
62952223
28358648
93701373
3525255
36360126
9854833
59711681
46780556
10701440
52325936
53937060
10970406
15784884
90951642
34840225
15742652
43651931
84226661
88109471
71419875
81182227
37760272
4214693
75620621
73849251
66542324
78202363
72770183
76783655
94118350
18752754
53451308
44280459
36989838
63057475
78763749
65825247
87018271
49765416
381272
6866964
66097476
68088418
75359670
87641470
20235604
94134023
87285638
7068783
45987030
17019925
26757181
47546949
24056932
32999953
48502445
47767473
64781790
25051338
70192090
49606867
88015399
61339656
93666559
98372538
52585140
43514526
48679806
39659661
31999452
77899770
45256142
93066520
91460874
43793039
20338295
2603088
53600433
60208939
65640996
36930677
46370458
84022670
93527704
19890989
57655161
48628554
39638337
46224102
78561879
20477255
79151000
74129329
96390404
24499402
40208546
57124067
61551221
16074098
82425579
39614176
32277925
38582978
18688846
55327816
79784769
17200622
4862422
95145234
59053670
65250227
57522079
80711042
55882452
10358812
89694961
19218210
8336162
37061301
61157289
75788187
15014484
65987570
24410664
59681705
34173675
62819095
43013799
53489545
3748548
15138032
92218425
27330559
13097064
83481371
26496277
27542118
99841716
83035543
79882518
22368828
57519940
2082477
85221640
26443485
28718506
89388343
20444624
1500114
67044722
91441789
28954230
97210272
88450007
97901555
25325255
22192531
92338523
4746026
5819650
5289071
80020026
30337970
22974093
90156041
3706152
35573199
76589006
75267081
27414008
57609821
54783123
87689063
14075768
50548950
90354492
68414114
97284971
12422523
25910501
34006801
37291161
43814062
14184883
22644661
11172427
757424
60736454
68413111
27103503
90502428
47869217
31911843
36067071
71986787
48386094
40833458
21935063
81473231
33570254
20591510
12615882
16377072
93274670
32076103
34028133
1145371
16000125
60899686
69222789
79613226
23612010
18969936
17303395
11299382
78293331
77767980
54591627
32281483
49688781
59780828
73909948
10412182
50478649
6796669
52122373
22766865
33706821
13871100
55392337
44344447
77386877
81851108
34855234
29291802
26436213
73437462
15512704
52187890
19000889
9754748
15799541
18996975
34420153
19435590
15550384
77349105
1911689
46714572
46768466
43209378
17933764
43428239
38804979
15170810
59044516
68447393
16893059
42234685
36658844
55464305
27758152
29051645
12117448
18000492
13277294
34930028
63711165
99722685
8716334
41697114
94308101
75758325
34752532
6261410
27799998
5749463
43519079
70252451
25486908
50846417
43900810
68759713
42366353
32669996
29576037
40071866
55491103
45966722
44261545
42062417
4493312
11934704
48852026
3777688
91803644
8629915
73235579
92868197
85067229
26595425
58535312
3286657
90288389
47754101
18888280
1545976
27278186
81756581
10588049
4997651
97196198
24702511
54170729
3708122
4152710
99483044
86315365
49743469
54994558
76517280
27976062
32024257
18351766
31882855
96422456
61439838
89195379
40633432
32382524
60276723
23480128
31114580
85302549
34267446
24509247
17819796
22487036
25945696
78492594
10159361
70533583
17311504
8081548
74184130
98313564
22862587
70881862
53854052
25618592
43360830
93353693
49842419
89113244
80187536
26715313
2113162
88825561
67408997
77168539
58038685
95670093
24980914
90465754
650148
16375286
30414334
51588791
83923230
76229578
67007252
84857644
16330539
75139820
39373244
29546884
42457896
93563356
36335586
38413737
83197970
16356016
30136742
44700332
91283698
22816966
22710938
67504510
49182370
41805761
95515344
49961035
34197993
14870551
72697283
50517554
20695484
89429925
23243866
38525145
85140571
63573146
88929793
99747243
90014083
84209166
65137575
45633036
98370779
36298016
39555554
43293474
36261933
89369238
63693736
87944817
49352637
61295237
94956541
65287842
43973998
87557946
84024392
99449445
86201990
16914789
52211414
74038715
32824475
47122653
35371908
2470413
9800210
36074372
76274080
98659779
8771424
93804257
15324394
32014895
4483508
62560010
77234669
94500293
92659185
80731864
79494980
24458541
132954
30753173
29421744
37017224
67467820
2023186
95622185
24023883
4905766
60975925
43243023
65623084
25409679
89034191
12938354
40174378
95241939
18872777
27265703
28826868
19416615
70305515
34831443
46458305
12911126
86664942
42585270
66073925
34756235
62860469
66258232
88387299
3593423
40595010
80230265
42849615
28817292
26411212
71618767
18076939
69274199
67351402
95055906
50867327
84271186
63769492
99656197
3264973
55610861
98829807
15929520
75080724
83746255
13851085
22109921
48898906
90555889
16254172
33946724
4177624
43545728
77443113
15965084
68462232
10774256
25876185
17103009
85862586
63957312
77025940
80400072
39758003
34872697
62561723
8685154
67927508
58201319
64649737
8143929
91213365
37372582
31758198
23564427
78195538
58143137
57807160
60680942
1922612
17046442
53350141
64042783
79131030
21924973
18152039
89856493
63540797
39728209
25316294
29131396
39709582
89030170
80541654
28004075
49337245
75015196
56394103
24946279
93446293
83420843
36073129
80865625
30101234
95277035
88769497
46570409
3105283
55078052
67638719
73825145
49442514
11112858
60817124
23468404
25663806
74707528
48585347
21508919
27453916
8497656
69004874
9252559
52451454
78254489
93332520
99611368
82222245
76526897
21082644
19147410
76927145
53481420
78968437
25217269
96756502
38768607
61975430
47622828
2750451
70214106
83304143
99330967
31580887
50928926
6697892
51513516
46988604
18705485
6824322
73958081
38425674
29873000
17568896
56215275
95248005
19265149
92566421
75842709
36608965
65538711
47100299
54392314
36898287
47244963
44321588
6201385
13598262
69880570
61394383
18222491
58871696
38846520
73309088
48141248
93724950
25340420
63778612
88367942
90517329
39324991
12269348
56692182
16045365
1874555
10540033
25437152
84082896
93897265
24381690
71026261
91641329
3116577
41782
48911831
14331247
36597624
14547303
75045057
1469801
45827864
26819251
19876757
69872691
80171022
46244164
18514496
59183027
39204698
84335013
42832472
83543472
46932902
87631986
31667727
82743810
55770252
57755729
1397304
64275708
87345531
16450015
47426293
37858539
93963990
37475851
35854788
90949691
34256937
11565983
19364634
26045885
96129136
40926569
31250913
86389306
1449310
90305111
98835819
29352860
76802899
27003091
22438060
96081699
80905982
60911134
82091624
89380586
20923048
93178525
20278895
51233585
81671715
50521166
93241119
71027785
79368834
99047334
3050446
45082213
34616628
47402244
45168551
63102797
90330194
32669514
98479995
48659038
970811
30682134
70575803
22676182
55015255
41672247
24353357
53702038
29877581
46991896
27567085
71157997
98451314
77824913
19297797
27252199
34657457
60311276
84645930
57500033
23552803
11939691
60074074
74518507
75113620
48660849
62955836
57523429
32909336
48444551
30176584
44581177
61072039
7971357
79867766
94388840
33679888
30923866
45179205
13834509
73578589
62376683
43458848
69925491
15916671
7780252
26923876
41345687
94506288
95496586
69840897
95581076
47843898
60383857
55183696
77605047
4195747
25554288
36488376
4701153
28987696
26336092
10629667
58772187
2690963
47563103
81388198
47870507
53284330
66297320
17332080
98123529
69038061
30249942
78985242
3260228
87974070
9881780
9515563
89635648
68158930
36268683
57146592
25223072
28404163
30660097
97222245
99303834
80819097
32814596
65955871
19446617
4218391
69915027
89670771
31857384
937815
97709302
44328269
35388529
29899383
93961917
57825008
14979810
68289524
42504812
26889580
64618299
28779900
83407253
33130386
86442435
93955010
82887719
91388454
86728452
64275792
55784087
7083470
15963868
94986288
53959513
21594817
9997336
6540821
81602395
93641990
79959684
63925749
77663
28565021
4970266
24577950
68803615
58095053
31694085
51313527
68334354
17655765
98041484
52416546
4284354
29949206
75071304
78847598
92419108
95407372
12201508
97506087
59217354
45243123
76235605
67597222
41847984
48018438
92802386
7528744
6668648
44393231
13149076
60399924
8343388
64760649
77156733
12409935
11420106
23356687
87991344
29587641
56933517
92493209
19742115
19044465
66953636
69449631
71799820
21291910
52371129
93147476
79769415
44490166
37450383
17493941
27919915
47265419
37730020
28440309
83473730
42089358
86072170
54361676
16329541
77096129
53663263
9771126
95575449
62876402
79164158
8884966
8074705
82618416
49752310
17879412
43114987
57465858
36121644
75289201
11905476
14935132
32406029
75006980
36753309
26266011
84830509
79232491
9214471
77562947
75955544
5451276
42441596
89275022
74266125
69144952
43446376
59882965
29435062
70738530
71385666
21323423
85903560
39467995
12681543
38632041
15833908
60729996
83995133
83087175
80028327
62979026
22715762
14791459
52276123
14483894
76291435
14175767
85866487
56393048
30687993
97841803
84920210
69487102
96870925
41332972
42721209
75187749
34416716
64883349
8000278
45314488
67518900
89130143
64264112
20534441
87419820
74465654
82317164
82101670
45479492
9061725
660479
81421715
71955578
62321745
75592166
6587540
43627418
46983947
58027131
28375203
90751467
70553658
15283994
26704414
35337315
37782922
11929259
63188947
64638684
79509935
45579080
23556262
81317654
42297514
24244160
15726488
16371468
75477201
37569431
74417420
73267102
74356167
73572299
7990498
32419312
70656851
50325159
21504160
40471712
15782490
88881251
84119506
53544976
8625166
49743979
61706391
14292556
58563712
47097822
91191695
60113012
74822695
80877661
94577873
78055652
81542862
6287323
18599393
54675562
61424553
77478456
10606777
52838677
12756063
73107556
87719304
58473929
16082384
32861684
43857630
57671529
33266360
42142633
44544370
41819495
56323446
43931220
39700825
51055278
98996798
23220763
70980443
19209356
26803956
67795139
58986982
51061788
13391034
90290427
63464201
91401647
38004753
62723001
73210624
1327872
35841943
29102530
17657113
64317918
75911699
79074037
69187889
51445168
30389209
41232005
73416241
13662173
19620375
76710061
24695768
67106999
32007325
67870456
75449050
36929860
82870472
32926731
24205496
35808308
46840890
90625526
25892950
91253315
96569630
76863228
60967415
99512600
99731210
36755530
32348776
95364267
16042783
99472900
6709811
62731619
61864258
7595029
1694134
80363655
20336905
34829825
42308714
40197603
17137107
34988971
57171458
79789066
52747615
79780609
34226103
45597002
17602192
42892471
86065002
74176269
88485838
70004931
56905734
56859146
65465000
70017787
26956460
75399002
21407818
1600248
46039966
14093590
18745339
79515644
94242555
15987797
71368141
5388035
29527784
74800408
47313663
20799618
15083220
52592621
8944333
77067556
37991525
76940435
91577682
94507419
60552925
76172251
41377850
50387558
11737159
278192
96410985
41295495
17546608
93970506
52333187
14670971
57716349
75829292
39460326
33034555
66841238
74426718
51116283
18027970
68763298
73736171
4650336
93290600
5152934
62105059
30831552
82369707
95373446
43035693
23918034
35096675
57866377
98900970
17976951
73043215
18324258
91682883
94526654
66480356
79315360
35153436
45152283
56300252
18002895
46881283
16512672
3469781
94237029
72834694
65302093
91960338
1867121
80043762
64983476
19985705
777629
67611829
79533049
47601208
69900354
44754922
96431603
86787286
96478413
48330204
47587265
25833416
24224277
93353324
68266560
65906213
90912708
55544517
61138045
93111182
63883423
58289000
81994126
80315850
10672447
4109735
46310270
58886436
19330116
450314
54160705
47029451
27235535
50254909
26577853
72842993
33681924
80318844
21421868
39553996
28421437
74711005
28788710
66980624
51059855
87429299
57810154
99334372
72053517
19688020
47290645
9748599
52696880
85095691
74086246
53005616
92579851
42105670
60073043
60202279
4305382
42570110
65031194
70848585
55539627
39588620
64051026
53838650
5123166
77978701
59116888
69084374
73766048
17730499
34598951
73977564
88118057
19671907
12825204
32839019
15016469
20814538
7987612
31760306
65889015
86513978
56513915
46198725
32941889
34175695
30796291
50585913
13470173
17831684
28300435
96928675
72570728
3578549
60994868
13777390
30139100
82806277
17640882
86974277
98391088
71654713
4382785
43332540
93496281
89293751
66337339
62604478
45212671
90687896
61396657
70925418
21563080
77889302
18342823
74146322
25730975
25190260
42117093
53120800
23991482
60747432
18820764
97392310
88969831
95950662
18352514
34876340
38499894
54497719
98442477
88819054
20818123
17918252
74343174
25814987
10916637
17333840
3802426
36558946
66664943
92424393
29531925
33453413
44366502
47116805
7202176
46009424
41793316
40256597
45953711
37392754
220649
83305690
92452942
1724941
52701350
58166157
74882727
89291148
24479303
7468936
50633794
44822973
79668537
78368139
29724760
83915345
6558505
4402161
84635504
22862441
52067320
3264422
61718960
7537820
40792623
35667600
70653659
34159158
98169753
51488087
50864050
21952983
7373154
12877217
3404054
33642034
84214691
797901
19066938
93647863
40456944
37681722
78854846
18214928
37152057
9436876
39907221
26142753
64638079
38865596
7504131
90390988
97375887
40075294
51929808
77956403
57203034
92550930
46796859
1723226
43387464
73676251
13625191
78314993
85769807
37002129
2049925
32091367
48311801
56818450
91714340
23143888
31097458
41399694
77535737
72240136
93270079
86867394
36058311
25401962
13471374
14680029
92687815
51196306
15284999
5266145
21535413
69600807
64601030
92996150
3256380
61590702
21335651
8930170
56196538
85063137
43909222
52427668
57258712
90420032
71511033
49255623
42266311
63964487
91222083
41622062
58595935
37295799
2156280
31570082
74778400
39861471
78264461
77269712
53237491
28607983
92976579
58463300
58552011
49025351
83611063
44111904
97239576
63906815
44923277
70072510
40959451
55776319
76786978
7101946
65522920
81061635
39560893
40436448
25294141
66061283
59096479
75502519
19442839
65488880
8342066
90020525
17906115
60110963
88995849
59904168
55243831
27180381
91331089
41747730
82240897
8701937
74778265
27568759
27929179
42454252
7908517
8240339
44246826
1845309
92746829
61416025
53594698
95134781
26421498
91267954
96365604
97227866
6794858
86879087
43243953
37821325
39327995
86230850
90452433
50214282
6360940
87394932
14655470
20537092
88150983
63917662
86975477
67465816
62529940
62714036
14608979
57279576
27873561
94624195
53987590
16753418
42974745
93265572
17363901
11046502
38487759
59030370
59495094
85811215
49401165
23000043
55988412
48499456
47534158
73398711
85065396
64864039
55826329
79984859
97445480
3437153
87249549
49657339
77632736
31738152
70190177
23503508
68735034
79333941
21989958
11067818
89696107
67119096
26748524
41346682
32634250
65394479
76362605
55424191
36179028
27513207
17830801
43809831
72356208
42773672
41601574
21746955
17189992
96831622
83718193
77144331
34024647
60926969
91142682
90668278
41929231
23820657
32201962
39369061
11142015
32380622
96869541
62158995
73227193
80297076
26862574
29965904
9527268
72508097
28982729
56165427
36667527
38148392
87344987
77023937
17803671
87704028
76449239
72700112
19061426
26006573
15561526
26937430
33961387
74410844
56601677
37492932
92354423
75856441
54962789
48076327
8180311
27520520
80658547
31373727
84683774
76747818
1567967
73163308
77547265
5522678
88399550
34639687
78908536
62785103
66332652
673341
77934935
90513890
58120625
51182093
85973922
12929771
72256348
25423662
861458
35544181
87923375
61152543
33396497
23233790
66863071
3944414
96978083
19804170
86374509
64675348
77645685
53450741
5171190
21590522
53529869
72457902
17086105
91694560
90591933
66864707
28450966
55339651
89529588
31051638
27085426
53488983
61709309
32487066
61598004
43207947
87047972
40790361
81481308
13619756
59588353
28958982
9864091
58852109
90482253
31545432
72316021
62489776
44439901
83307485
44486577
71562683
98161499
38275646
34292670
53151055
67319928
44966416
92900207
61386026
60274430
3867769
74938860
21226265
95993775
30753931
77518511
22896200
42889713
98953179
96974996
97024652
68871431
53473797
55112107
13733028
80162358
67388364
49848571
88972389
65917951
94888293
98155584
14845838
39009962
27864730
95737639
80004825
1108297
8814905
72348993
50192373
52713089
30509073
83782327
30842436
21966074
10815945
82628745
81666298
31345083
7575929
47963386
47795586
34297842
33256801
88820851
87177806
92030898
3009747
2758775
79096644
15437678
31948065
86833185
89970478
56250594
19426459
68748615
90450389
55848102
74718125
68890582
14198696
57012305
52203730
64404156
10281869
28921401
35883891
24690538
97099331
53132350
2172003
32667576
38000128
38215148
52111124
88534908
44076136
55086878
5470219
92476085
45173304
56545632
75551668
56114893
63965431
79058763
69484342
69383063
87275912
4913541
56834730
57480434
64512627
89913781
78249302
86991120
47620165
36194013
762333
65601361
71817184
86534112
45075112
1458252
91759224
18475271
22978306
63275800
44939669
99750961
38416507
79397510
87335481
10329507
14395205
89263435
74149329
36161506
27226319
79592236
64003074
62567964
51098035
19783665
78898391
17039619
90132170
92847095
74644584
38090984
53411418
60098043
73052544
97042180
20907198
99141749
40565313
41071022
82479167
53082095
59781520
74149690
44121545
13581846
74338814
95357524
95844800
91045019
90962976
88776890
91119841
33275943
56169400
13343273
98553837
13934398
61327821
72795561
52903454
4176656
3449150
90626866
50011543
87890033
27666286
17218921
67703261
14538773
62764762
65090072
17763307
18382544
26017365
2501579
77955826
82011422
15723808
70144441
58961198
57707686
22078719
5657948
44832278
77052447
4103565
71339174
32073819
62872232
39644604
41532609
26682722
54086462
5125835
37598112
17988599
21166224
64512724
23507775
2140756
92153401
96849551
67373168
24485692
98971530
49641754
34711698
16152391
48633016
52462846
9285545
56394875
58968441
42942782
7509718
28798685
36649146
13874417
20004831
10922986
83393518
47755341
93645735
94955758
22559231
81686589
43952519
67388478
69838329
72086879
33299398
14062187
26181865
29913503
22547711
48136676
38591997
67927047
46390958
66030406
35531132
67007619
50870833
58644396
97417272
41780569
39207465
62690400
82794687
74307969
53566272
89044779
17316006
50931476
65025192
5365548
15009680
17499050
21521120
75737702
3685001
65735128
69795684
25312350
61926604
26045952
53475661
17086314
63263731
26176110
21073305
23701081
46703281
8942968
67063800
40479949
37532018
48188176
17423662
9133956
93985028
68117618
86723632
44910655
60648771
70587007
69136578
91455407
52860156
57533580
71457214
36573370
84429665
54423725
87407460
43699540
14539496
18593216
60843256
56128831
61588619
52067791
14036278
12005358
89817707
98212872
56258175
49492998
75791752
20961484
46850263
42748386
67369962
77209039
8548020
1668099
92622089
46573740
12480868
7304915
61136191
96811462
45791796
39727744
26948781
75274301
75128559
92635695
18348313
90955452
94310618
4456785
87345832
86945962
26718157
10764355
48905079
48994414
27183664
6010181
24692602
33815246
33463517
79439699
53454221
23680813
78680874
89247732
77577997
1070728
24771428
39563151
19373826
69346544
83254583
43192837
50158476
42678108
84375962
87364074
32999654
61291877
58671416
96454657
78311026
60315055
69173418
80303493
62117902
97566469
20161115
54476873
55055820
76886186
20929625
24514142
41001870
38846054
20401269
6269073
66214136
9320753
27851848
43122678
43655450
29500373
32392548
80959126
59030640
44560795
85006493
47291843
87149563
34635938
79725350
77155886
5608137
94924999
45666667
9696737
18880254
59084929
9179435
22341707
86606672
44291178
68612197
37651688
33149302
84104845
73619860
74763455
2203140
33059976
62394343
35178262
24130396
20836513
54538295
76130801
83084631
29544022
78223199
71040054
51529687
39585291
7322176
53678065
5896462
49198213
76120937
48166615
59768386
35085159
30266085
68964297
89707806
62964241
43547880
37749029
90591426
16024155
27039569
15499298
92391236
96474265
5118253
37165545
60540144
25539981
5754346
7693269
35659768
99314587
96973768
8564231
83864698
28905135
60642247
84226513
46348182
11015625
35578976
4338256
28748823
14864039
64852750
92510606
74978365
23086018
58411023
1593347
63818846
33461660
88364147
85084544
31273742
42155557
19001577
85883498
20950489
11198627
58810370
1964450
50956250
34463838
85868036
21854372
55243710
33417647
25417815
42643583
33577892
47668443
76022824
90292766
41047326
11167573
80992067
70048568
69774837
28684863
4187745
99023638
91565775
46291187
57115867
36420753
81931592
28594563
21158485
75032240
45895473
9992389
9829661
32385835
32621819
17289164
40442835
49777239
25738566
55588258
67908633
82778217
58651441
60979337
39811476
95871423
43835997
17275984
53168258
1025429
86222975
50524212
97566355
58930877
35620899
92723002
79421870
35748761
45274998
85792805
81534212
44706245
27074179
2873096
27227198
42346658
94387300
75440211
67466907
84892405
68951136
14183308
25249811
73567984
18486809
5631732
11720777
182204
80768139
31293613
74226569
39525793
26257003
40624936
49056304
8360047
13103164
83912996
79123773
77351060
69274317
68495865
86626075
36122549
99189458
26576703
21245448
48946344
82434536
82260081
81205260
14650908
62816133
67382626
98610819
93147636
80434509
67744349
44112527
65659693
35256473
38599345
49109825
65950240
68394537
32995285
74680376
91344492
46078164
70983253
46782809
7323996
98461472
8213485
43317545
94376741
38394039
38018589
5726003
3985560
30448943
43859539
88586579
65393991
91973411
15503548
88009454
33749600
41605620
88403030
27702238
29415548
94104033
44901700
82669219
54827242
47854615
95780359
49471467
37253267
81834342
7331814
54410573
29875163
47011875
71945579
90138782
77890235
30664043
53930158
55871204
64962002
34908475
93968467
95729115
16416782
52321410
98281125
48025081
64922591
97130358
35270050
25969659
34350897
34771570
3010244
56182883
41440854
47822281
32397408
6335832
62497277
88658514
11076519
74141139
32914066
44192766
78753264
52105735
20235599
14050333
695783
39375160
90821885
95466216
35438972
86529191
3630036
45684759
46691798
21971156
95991949
31214553
81442023
38205756
1060880
70917014
37272438
30263606
70857648
71286488
64926857
27320814
30677230
84514431
22178476
23666863
46549707
40811792
66753149
46384233
66763215
35032164
73170460
37010930
49284376
22812150
90626103
93139521
67490892
12358926
35642376
96534527
75416893
87959789
6376303
80352900
99997943
68818133
88350332
29792027
18253413
82821069
78034346
78366382
71200934
98365098
56419477
64954027
9496483
73848115
51586806
53773634
74253665
44486944
33729087
16340904
3463308
49710047
38218537
60812428
20493957
73132364
5034814
32056825
29846682
61944386
24544091
62256719
100798
12011423
87346812
59633110
6954420
14571569
63917020
64932741
9793765
1271492
65048554
58981768
6160554
49005695
92095534
95094423
30678643
57475830
49450543
36399366
90155964
64195225
83808293
69620546
49181349
41914205
59958783
33615114
12610169
24919995
79507883
66023525
31961598
20683147
80419866
26844273
33141640
11021229
5468887
66662867
85996041
79271838
91460105
59902931
2232579
21748470
63065266
98973873
2320722
64180226
49035838
85076622
69282047
14097934
54599600
18432384
15588006
1723891
62697703
86109603
29989367
418690
43668824
2505819
97583286
16974028
76604145
87538680
28480868
6623862
69215199
51387026
7481938
30164336
87681751
89075910
53617443
64631230
72446870
62905509
78315843
96403998
25533914
95869597
41017514
66967794
36853310
62560068
29129923
74031292
21882606
77148852
48991757
34205825
22501362
91765368
19746406
8475122
79210726
4957386
21381223
97455214
70929127
66793599
2732855
27063086
48938021
48429024
59391438
93202230
63135278
2512723
97134144
32863409
24540354
78606564
84404835
91795452
45687066
20298212
5455460
69239175
81061036
83053281
60696558
44189085
3165141
37839989
2150662
566446
98325892
17920564
91380873
30636178
10292633
49174587
95484493
84947373
84961060
99304930
32937170
17525950
43618614
39618505
64859012
71404078
68996154
94396933
54472693
22616710
45716393
17133330
8756585
57518463
91953448
40689443
21662067
24409496
27643821
97807298
11868812
15060170
47500635
87788371
7006118
34342262
3598309
14871479
76630839
23673723
19895191
9004639
15555283
81373976
80932832
77133220
22697039
31741782
96165591
98042525
54777033
95434148
44953134
70419940
81465388
45419336
35073007
74781745
13603864
72353929
8836353
38455390
38682470
88192285
25678943
44259244
10015082
4865848
89374296
27226760
21766831
11328655
89705453
80399736
77627785
72011410
31156264
33131125
35379621
69672975
51511990
66762296
88840110
65231464
48750874
76586728
19295951
32041685
22595372
26518997
78125156
8656013
15576520
20655452
66742377
53540394
27607416
52760593
10436523
85537009
8947462
83770913
73003380
35569143
96600572
99529468
86733556
91714445
31796447
644630
9050640
56434700
86795406
72406021
56855728
82168324
2893911
56774074
88631450
59022861
98477074
28613660
17286040
65088569
41315609
48945671
78816503
57934184
82804076
47676033
64092946
13424578
29127658
56656759
80270424
83927077
43627351
77949646
89957853
2967661
55761047
88347716
23635131
63146334
34539908
22313486
98934757
12944445
17762551
68527541
40372883
8179530
61519961
42427826
50736305
47655465
49507537
3253988
66422831
1531527
30907533
2806123
22062738
7716580
8387694
63060461
49862046
33049931
45761062
13416093
73261319
61292349
14591167
58280034
17443669
71378605
88026906
28382567
66093240
68960739
42683426
57369534
39919197
33484825
94824725
3051819
18073833
77781319
9523235
45410098
68496348
42872315
46355845
95221275
26416021
35878100
91455574
1940913
1261219
62564628
49182806
63627283
2122295
38551515
50342456
87933747
828747
7803890
5753549
76323929
1524126
98337194
10988255
91209665
35294902
58234118
43739926
87456335
47093514
36947159
59307453
97284205
6447803
6727148
30305950
61301987
58361234
59402803
22425133
4087589
92293845
8558041
50141518
81922660
3193796
97094379
35155936
13323121
44719831
17369094
85513689
16009023
69290181
27515438
72595179
71971246
6140478
25332366
95825819
42899201
41292787
11642207
48411608
92373306
32677109
1951522
24269575
52044172
11079072
50313183
65542520
36522083
86345928
53379992
80462409
29161294
38001114
11824978
98068594
5778044
95734318
26483696
2869147
78581364
69322819
2679586
53146598
22456651
74901735
22060511
48330345
53025666
32510436
41742680
45970408
84021674
76577520
97450707
62489684
91301582
12285181
19440551
10889942
84121038
36953282
46337288
23803574
30300853
58487865
68836649
39590673
19502836
48329555
68302351
21045232
88341035
9184743
52230063
58286516
31974092
56007837
48234828
89973146
87641029
58628333
65090205
60197962
18149840
27942545
15726182
24472233
70071159
14810322
48375312
75826193
13699663
81898915
82520686
42061462
73549856
50676071
85252764
30184253
66921639
16908310
44874405
51779857
48722332
29799928
67659920
59988841
67234936
33288884
31711383
20583168
31442762
91651770
24715624
63295406
71711623
39116805
4745663
67101468
48416878
1252903
6634516
59528195
31445073
36418313
32172365
58508913
50145791
21112244
5221270
72026497
35955424
9450620
27028134
67302442
61996528
47764669
67916331
82509329
50198548
67814737
79836452
85794688
70930306
32485289
71305115
22830828
98572266
12260032
12768516
5133492
23578043
22757724
44555833
85838351
591482
48156736
34014823
38777455
4808433
28016821
72203512
85483778
24710406
236069
52343149
92351295
2365597
10904038
98171177
87530763
61357544
81569245
1159399
33778840
99104752
62472334
898519
4185832
66023561
72491716
68169709
61305887
5870970
78159495
62890776
52698234
60739924
9488593
88809097
49127557
83231582
52175683
19062194
64805699
51364758
37394457
8899993
59123716
55490003
59353158
32327749
43615803
21699448
11570992
84986112
71002657
81839606
63026299
6081497
17268408
99324303
35574483
94084920
17951924
24029749
12913298
6892047
30298894
25324674
65421310
82131152
11802791
33641373
73175281
74061137
8939360
83641370
96055624
24542603
55572733
76665033
54132343
43148615
76321466
37067201
79707560
50741055
6853338
11391674
61370571
36560679
12591367
29947401
70698553
66125113
56762457
25578163
45849694
70108702
66170625
65208195
74244476
78517188
40634796
75954885
61838967
22815787
93901574
65574128
76648493
78959851
33848096
14471353
7598570
64110638
91374515
82686603
94774251
20209276
30811859
12844809
45619825
84591914
79955662
6881223
3980240
17645450
98278082
56438257
55546047
18254885
84734963
79886768
75629671
11799642
50136718
27773048
70953134
49718686
27958313
109391
93510691
18617347
39157955
33200338
19860074
42579613
81631047
20216830
1995853
15941679
7173856
53881448
32337326
86068240
86447238
35776739
91733978
21238197
84089651
68920760
74168475
31196603
38697459
70819244
43215319
72742825
97839451
28575387
92628264
42775632
51723231
61271102
48822151
39356647
65448203
31529079
51155906
51038709
29788207
94486786
40868855
6167624
92015219
51316507
34437521
78416822
70129363
83431243
63732491
98239362
71155137
37200850
92438464
34971887
90836524
68876838
29304999
84442778
108284
67040833
55331706
66130809
72578315
38545293
86909003
19916157
62979849
98689811
78006650
36018956
62425426
55203728
62870398
97003931
18977547
96564859
59836647
80276748
46733951
34509590
78514206
38461013
5369006
32166950
2824974
87190265
68169991
97154772
48686537
54169499
85978121
43858772
68306242
33130151
17910697
75229405
13836516
66416991
24820961
80831948
29935470
14604492
71245296
59722231
52009380
73355635
62921532
12302438
76704593
82658202
79441579
1308723
86765170
23490743
64968218
61267991
98827558
99392864
46189764
86142124
10437143
89474582
61171208
25875731
34232662
92826756
35706136
25073399
97081817
86220732
67973022
48290154
35432568
32106533
76110374
62108496
2537644
58958897
98461530
8182402
46557548
20225328
29778847
21270771
4228459
95688978
76622685
56058473
93998908
82453070
82704340
52933479
86207914
7686249
7119931
32340672
31605941
73941461
76552664
48707035
39430122
7531481
70721584
16662534
2817196
59636082
31199001
42682358
62240747
64702242
82785122
40383392
67831809
53765386
54391185
50283548
31324692
93831018
5135173
37708426
78673831
68383591
65950526
73037133
87739063
38915549
40456795
87530838
24016855
95293994
62887284
96066415
76616626
36925651
17439591
80708071
96094835
94073897
21045061
87981846
89827859
78740114
93285460
21790410
26015945
50864111
78392942
86892957
45792581
44736542
91586168
46397610
16297157
3295521
92091
34249828
20609887
5989506
4600211
72905915
97346596
41549012
71712900
6667748
11958406
65292148
23519199
44822352
21919219
31099578
61333216
84311660
80090766
61577347
1325235
19251982
26858139
97686711
26488558
4902758
68225040
65442939
50581060
28237359
98704077
44075056
68974754
56389817
31843487
68018682
51556427
18636296
14775519
95772179
99980822
71454638
77984074
5222850
38843592
31832736
11141125
54864222
59136204
85693783
6023170
90590263
42318390
23766867
98740833
4145213
31259090
49440826
40212526
22503346
21521399
56465784
12451447
3453905
32646051
18151936
14871105
19443703
33960031
38570124
98138362
35392899
44590436
13348540
39450085
88127897
22767303
81631831
38509745
15403375
87002665
51158229
72028218
19891979
38311487
18477633
59717774
51262101
31036497
55303693
84766098
56049749
66820108
59711983
80466577
4545923
74788870
47822256
96063771
88328173
88482603
55989208
3608565
40916585
31070414
3009000
32004928
291824
14845387
92872369
59413952
65280768
38136070
55018856
85590997
91108243
22001599
32274012
50342043
89440307
41863260
80880299
10640921
41792962
64247731
83907100
87625228
51212066
72696753
78083911
8588260
89847677
89033003
48918093
13512239
92136019
28180251
89617652
52361350
15155726
69642819
40407919
58235522
58604812
46625547
19902961
687972
5358499
22696954
15067766
72202078
51702577
74843990
19317121
27055241
5367948
94678119
19031545
99826865
80772508
52926551
92141195
92451234
77864716
10198186
31893751
45029127
47952229
55557384
41923519
71266403
84686548
19045366
20353128
78908492
27284435
62787199
67093341
40587616
44421367
39795771
8667718
96506835
37327643
28024452
57573041
39615690
74651279
18005391
61705083
29210512
90450612
24411013
72729106
77043169
66661291
37135415
69385467
88277887
71448110
19594228
74923385
79452301
14196315
8558903
89900381
52116239
54928242
82447454
24725341
51886765
57553924
44332395
83110595
59997202
53546286
72954203
73422547
74356332
42635831
87745154
13432426
6093164
99065667
41242457
3978247
88610640
75994425
30543040
78796701
55348161
70677217
65990765
8575170
99342396
83136129
58211979
84661064
52615984
24859565
56803263
3968650
95826762
54459627
29592974
85719206
45192240
29624220
76643133
66100650
71589311
56887721
9789829
75039388
50116853
57678732
58107261
29562393
75417000
93065421
10290917
84884671
171041
68775793
70463710
46239797
64379817
86964409
76350600
70782475
75832002
32195770
53716092
69116426
96882926
12648344
8822252
98425594
97666141
95050067
41110323
29841741
69140500
30696299
22869636
81980626
14138668
66402625
73880704
82354861
3207650
55884578
37177313
13120543
64902781
20309412
13726481
60777891
24632189
93954469
20691153
69700499
37436944
4841207
30786641
86422102
27275623
32265904
61047390
81552672
84481632
4681619
36436838
27981308
97864637
88632730
6770401
63377907
95517610
21921980
22278370
3078432
40264886
28800356
93267055
44929868
4316400
11015353
18962176
89207451
32307133
82038711
9212403
42830044
34946456
32138989
50660267
61468569
6683568
65199808
82829779
7693093
42086186
17008223
57951046
31380213
49295366
61519939
79350735
39518775
38570677
1038984
60931782
42013270
85568210
18202853
77140334
72574264
28329031
27813103
19548171
28747636
49946503
33919045
78173335
65098333
84744978
505754
27816744
11019959
54570032
21671574
67268930
3159652
56072164
61615865
67637867
65490979
37291062
39172677
69962781
45072982
50773531
29033559
76195519
47874119
37741856
26753210
82581847
10845497
17396118
73795823
85154140
96950922
7341890
78625634
25326378
73861149
42435305
22472579
77041529
71696095
57705422
22519190
51205154
31397362
62411640
75666041
70203881
77544360
33314051
83200054
91892803
61181941
36020195
10087360
45388201
82422169
93951013
42456147
61970721
7774123
916771
13756027
63740792
48193434
39800697
11212628
25556173
25686434
16553679
80674931
29942012
55933998
25606844
32859569
73909639
29089400
16526087
76445081
13729919
43599710
23250343
72962443
71675759
78762817
48652292
11575084
42680392
99322247
48381735
17792444
7996423
1454906
28856573
76535777
78670186
95019894
95388542
84115560
61750077
70737921
10991849
91403776
40631543
48254273
63654690
31959568
89427427
99903009
16613838
76365254
9140089
82847666
45820201
8414179
47147442
63728605
17407104
76039048
69954682
53493062
68645107
46429629
44325609
40027521
94457937
39533607
6527719
2282048
86774107
32356948
7452943
922651
55699469
72743946
9585620
41811508
75339901
94088946
45532657
95902188
96692395
36735359
63870211
19619334
56282500
70148638
57081591
10642091
46316586
60022267
31827555
16582252
12975324
44066286
75567320
96477641
75952656
28523511
36184495
12907765
71157588
68340149
49995843
74344131
29482891
3682660
32382308
42703591
29596328
2042356
33818390
89255783
31600906
81220787
94405880
91067985
99727670
423837
91208097
60603779
99004335
19757122
2586301
60704465
30358496
94726773
90351896
76105666
16879568
42181389
25142711
20286604
43138198
25091349
67578192
42743522
9086874
36654432
60662794
96638972
4985467
60040335
59451549
29274284
15805079
46010219
26538177
66707467
24857827
81018226
33192763
3691589
81695803
93379624
55230687
20974497
47120244
7347366
4322352
97766005
32528519
43749339
93349271
59605624
38689269
76815552
63668044
84336434
13544176
16235444
94283270
85154423
70727558
52886826
5540472
60852445
6059730
90966781
28183450
28723661
39898256
66516996
17280016
36742374
26732477
85649133
97221516
11566557
26510172
49904768
41084361
61073301
61919847
5148630
32294041
92474733
65571835
85427605
26581622
9983342
32491718
42596475
42106405
60915081
44629677
35236949
84529431
39926231
98118675
24835592
60441682
22354418
74844913
59002533
60454959
34490017
76071643
96724722
6533896
60793784
47544197
79960259
87129439
80817103
24326255
70563982
90703238
40469343
97877634
48609334
7221033
17018741
89976483
78223258
95524290
22461687
16053765
64702979
64649887
30984451
44161391
89961462
69938441
58956431
99339743
9171385
16309193
85030260
1920631
17950928
68248043
25168287
92675590
8414880
17590684
26484836
99319478
23354019
94000706
29793604
98785027
17555709
10657547
88037260
9658677
27246289
9546951
87037122
91104404
21323763
24122796
52069596
35041593
42673382
75064833
35432741
14702598
6563313
89305583
17507679
2482947
60550405
8409969
59972308
25940290
64310674
20956616
20539033
90501651
85303084
16859866
97112356
99107769
61025785
4250860
20602472
35214078
18934438
74863813
79188460
77219585
1348262
91156159
79585743
61373976
54323129
49195575
61919591
35166556
92834482
88616897
40913828
41584771
33709808
87643923
1152030
48181055
69405311
89857463
21960005
87064977
87053075
73770326
39684143
58316598
52942653
83024735
62391389
62314695
96799329
76648668
59025184
47070865
77400851
46391515
99348983
64179623
14571452
38069430
74268689
85798269
64311852
95422359
93734276
59470269
7450204
74387369
58252673
13806620
7154547
45802907
52340769
65836542
24013471
85113958
71840272
25988824
29884604
8878916
42287442
47671877
3766535
40391118
70157135
98147797
18459767
12603593
37588494
73484427
44299408
84820240
21634724
73358217
95943389
7867211
38154964
51514625
411169
16231942
7558914
14167792
45714341
73204513
37148898
66394951
84087136
1796883
14784293
18185156
29343571
4682314
19839554
25747998
99798316
97064706
19445898
24942551
39031797
6043536
65996045
61226562
25716566
61264614
48595652
81419112
7696406
27914258
23959130
45252500
19370498
69838362
89031686
86669549
71130882
49762434
10800823
27516227
33329913
2338389
44382247
6737721
30308520
67239179
60370561
4665837
53058032
40886714
61347528
40970100
98137652
46076077
3383808
81334126
88413555
42683503
27216107
3732649
88275642
30282835
77854109
95408005
3096388
46993603
96558396
93217657
65973701
35881239
62630379
57550065
28391867
40412507
988417
33211642
64442759
41768117
25641551
91704283
94939983
29986369
25886824
97705812
55514132
46112264
30993350
80019548
91615359
34447417
35597412
50075476
64040420
86045588
95574112
89174423
20219823
51566309
99831096
47329472
70585383
74083733
4981820
54822265
89768349
24988635
97063547
7922354
84636829
89574549
4085228
85055330
50235054
60017361
17983994
98843441
15615244
64695429
46227638
40295667
55211796
72259418
12162929
63229885
90593971
20483707
30691655
89918962
88971337
30682833
58719758
20215332
42904502
89682925
51767368
40241515
77661938
36430185
55824437
78055357
97958345
71464400
12533979
21454592
91543626
7562299
58471745
68669171
37849773
47290702
46270222
26383722
70736506
72109161
69696866
58925415
96625073
36899998
28416122
71080981
90545725
89107090
89057352
27836794
15794241
90668169
68088192
28118045
87472455
40686091
44185596
21806223
18659621
12707705
79351153
23510781
56449767
29042961
34969627
95759954
15969617
27221886
53537381
52258683
29764664
90767700
259489
6772715
37450473
17735414
45912853
51600551
61881264
75807726
57653938
86687567
23538881
66062569
70412647
6082924
71562556
37600599
34913383
90525731
14801741
52796040
28813493
56333545
35144154
49045549
18782356
94628693
2908260
86314706
35501864
19278234
59435700
53636903
52602403
12913332
95965350
25446647
14344741
36132675
25357150
69012330
42254590
25848313
15619807
82232824
44504712
60847227
55008182
10598138
52469110
92818158
69361992
22248015
72267444
92170781
40884968
35783579
66809532
72693632
5366839
2615942
23167364
7038158
10493685
55525262
35529881
80930507
88201637
93402076
30563078
23658022
98720267
77108140
73853333
72200156
21109014
58209622
20031789
35197188
10438638
20809096
60761389
48582207
80941630
4019266
91803434
26965753
69900149
55904918
15037544
78804408
18575414
65940568
90188820
2979303
24523868
66744294
54210629
19698044
53291586
36830617
93005133
16991682
54587326
5962056
79562380
66006501
47113158
13234358
17680484
95012897
6168794
71506831
12656138
25914834
81901052
84592023
46443571
90506161
505669
56149811
13859996
55201855
52876313
60783204
84026137
56804899
2842791
98084626
73843720
6808467
20194267
87698931
42144694
18659119
88169010
17830686
16298644
30443448
58546670
94148985
85055690
61837800
64080051
67680263
67120617
82421492
97117195
72114552
24575027
24440587
84326832
11084173
45947411
88021923
38136893
33416531
7103450
5281784
15831616
32045087
73783765
25591627
21937815
95503031
12648241
90755819
3094402
13389210
33316770
37110783
56008703
31146453
60572874
63094579
53266151
18500032
75011068
30538389
93417588
70528660
56995839
77358797
34126181
97718101
16838293
12752726
90265796
37613857
31093380
76562563
45188101
93791878
34135016
94119013
30029649
5565341
84701992
93308655
31353973
39731067
98616286
74276084
68897121
11279169
68296117
74990365
136254
66399313
33701947
20016245
51849350
70084670
31709227
84322896
16473030
2179696
8117955
85742591
51170143
19627117
53530997
90151092
8810693
35102331
76775720
57337630
29474620
30040677
39781803
82225711
8286834
68817931
75789502
62808111
24112028
76099686
23258686
72826859
88440553
67133828
60542363
24256751
24816699
46499447
23173767
36093655
94524324
55357695
31914876
38348995
48493109
18730624
85082388
54539963
92615560
32660822
13868554
49953486
88749589
38244551
21639783
84887034
49254396
53662051
26217667
23913075
30398381
50239757
11446317
75719469
55583193
61923362
40649815
38278002
61085804
69752816
843789
83810735
39747200
36191154
96547517
22088260
40722596
15931466
84057971
36878333
5438534
35011775
11945293
1754448
30543648
79121511
60878991
53941183
26794436
51426399
60809664
94315908
41009724
70836238
67305003
96022642
43652256
79385461
45677475
76488163
98487106
41845026
24764267
5310239
17556011
49165799
52239292
70032825
71481621
82892910
39765477
61110407
85434108
3537689
2334895
14180446
14419463
96336584
79576865
31825514
76540774
14970350
57194572
60291447
63512536
62616124
23838858
23316956
6337559
39797591
79455237
47830158
92493362
98570855
91383088
28012288
2315483
65109341
89686542
28724151
84497832
7408599
65101763
19178234
1050870
16146831
53399241
93772433
11421546
83994038
83630961
6209392
9049808
41086153
24778245
60444759
18348443
70308098
81927679
65315995
22563921
11901547
68931526
4012709
90370503
83973865
88329549
80925357
9446675
65140260
18125446
73184530
86008526
65320969
70567965
54237766
99752292
5747656
2982165
78163009
28599890
56543233
2322181
19063367
76776676
60327173
31731404
3310299
93221207
52026834
81019807
98749333
53833757
8942436
76684118
38713707
8994765
23363480
35640107
43517969
61815229
10757623
15888201
27556625
86724829
6658444
81580772
72585486
26686765
32849758
81378547
10445194
34352780
22812867
8484680
36355553
52823143
76803553
28990046
84565194
43471346
30597583
89699063
56931890
20496793
53802666
75673620
43548410
15770974
89552099
5785032
49212942
5814847
82030686
89083826
39539421
91343728
35569327
51310446
22531085
96415014
54630340
5614344
39765259
33355451
81462410
91591673
65696365
41637475
48682407
25587871
82127422
81109353
33866125
41661138
73547677
33770318
18203580
82572561
83674217
669609
55451046
8800097
3093480
73085686
79533198
88676061
96807500
83994584
25426642
6698782
4348820
71649714
74570688
63679042
65877528
59698199
99408311
57352993
28307372
71232640
13342017
62862776
14442612
8218390
76738427
89431020
61800477
97474598
91628406
81441893
82204724
38817555
90602248
59415152
24411841
59919965
286706
70024131
53012950
39079198
74814612
98644946
53175424
94961523
23544566
42698547
86539323
90744616
1824399
21652839
85021510
93916713
32038443
4916718
93392295
29218316
3039962
57281480
48801257
90701423
50939334
63811588
53115398
57230962
20753013
28650132
43420814
2773303
19938287
94939254
73292948
45343201
91649336
6019058
79905747
10902646
35170216
94787098
9272874
62073717
89138058
69840511
88828746
72487913
67861619
69158594
70949649
85679660
3483739
46255020
12508534
28574993
82673591
91015535
55043664
4657288
27951850
70647858
184776
78741899
31105652
66722841
9003024
89168106
22990517
41238546
15815318
93532104
38815232
38608330
78595258
18339267
15105878
66990591
89333644
19325576
87222618
87074979
41522232
58455161
71714839
79666932
41401336
20505635
65541862
69849649
77886553
29928490
55603950
18907582
94015475
59314199
96821886
87790663
78656660
99206315
24328015
12845712
62783050
70878256
91429416
39330272
70111904
2871870
16724736
65237460
32800094
95639876
15106779
64751055
86840396
4918304
9456990
22016360
53266205
39475215
25585753
7735469
22800068
18409029
25900806
3035883
78124341
49226504
90760134
8965388
68210218
97574197
36757277
89617870
93331632
16913648
86380021
64877276
4538593
57076399
98367099
76300001
14390508
10228148
16554573
51330387
23413476
78351258
63894960
15169694
43459741
2791530
99965465
52235213
19085937
87193731
62714734
31166865
29976388
9353813
46448522
87259663
61380467
660392
4864408
46942133
12956549
90712260
94101973
54360123
63991924
46530032
73199358
59719338
13403826
10802590
29027275
79708064
94650083
89018396
32623661
60379696
70595785
58470853
23472518
92240398
70640115
45618931
42848466
55177388
42701207
69321044
72327573
54386817
59525903
15115010
21544060
15362328
2465311
19299662
47202504
7936227
76359457
90417448
55951419
12958770
24687501
91207423
56258607
62254040
33227500
39426113
88440168
76809865
6712866
978516
49130313
63447195
53803579
62850526
90809403
44718245
99029272
37931235
78808774
27768922
41693383
53756278
52476941
85869503
42761904
56829092
61634399
40766781
12241911
78700608
31456569
7999434
29697904
6190098
61236091
26918494
58381835
73003431
93957961
97991949
95288307
18660381
69692089
26163226
97712179
36840065
94857698
40204975
79050146
54477770
89907619
83802225
65650281
15516549
77476516
50612309
91150840
45785100
93838634
33783673
48453612
38165203
58636838
20197815
75130312
6561143
6451532
66280935
84784173
53882204
99050335
30076117
97868478
77345993
10947134
83145881
87290641
3998196
30011553
66179692
17465809
76934269
88353530
28856941
13416305
77566590
87009594
58079750
60832952
78819731
14904297
95411640
6282079
68067909
66324980
71035790
57625308
21761161
71283622
14748962
15135802
27964119
35154705
72425088
69422869
11743945
48112719
22725941
33946052
67024369
7539893
3303403
8946789
45459060
7274050
85188239
26909821
16903367
99519577
41566519
95064025
87192771
49305097
35273709
90601087
74928535
63819352
66568255
55487868
20764772
81899234
78316732
46352073
9046993
2656074
88602062
71226048
63549445
93403949
5184592
17098989
67052290
54757009
19490981
56315722
74696023
67726865
30840534
90161261
52160732
50917247
59699202
34053456
73344311
80661267
64819098
59273666
56759260
19198277
4503877
31242739
97341838
84807285
76051567
20933578
46463170
94488797
81802114
70261672
14359617
87034181
30955606
77080071
68421685
74431193
79474812
88323779
3017511
63702510
83906540
20659539
36941044
2730801
99778935
7595768
13614746
33746679
70379392
12715051
35688718
97369069
65256480
39952786
38527351
40890439
98883032
81669836
87624010
31805352
5523762
57899704
30600612
2565871
50608131
52087938
69532438
31860712
48322286
58501691
89300082
31191520
36093056
7438752
3111980
44433227
34332843
89899360
20109147
74894310
70512969
10206909
67139094
19354420
12177615
48355612
80648873
16603349
91884746
28223738
83621948
35261159
43547927
29961573
64882548
22500811
84474399
3584506
7341827
28809464
64026137
35010384
41165819
80751013
85356277
60581906
9913351
43268583
64177860
9253203
17029359
53378793
5444150
77909439
90730812
65594025
31584411
16956494
58084085
48621123
18652974
43914138
83738567
44936468
27746574
57215573
12536552
35137432
85043035
6064420
54041598
58658046
75836875
82005696
96332335
20362288
10188906
14277684
63522525
28508815
21865043
60397102
97965834
75186117
87600881
28746132
17888328
86336674
33329234
41784021
79859106
44147482
17240227
31369743
12434560
85949562
21683725
42927586
34359950
61108175
34512238
77404684
65036682
16260209
96526054
14959638
75137785
74909026
49307901
54598711
70362729
56657370
91161807
72721632
66965280
91771811
70378651
42352065
45059271
64571087
75786607
42081432
96803136
55495526
76086571
46000174
52588189
18786398
29306051
28935298
39641394
77750471
71881447
64356272
22453361
13618476
5647333
15078103
2490149
33618544
49709822
93603168
52891079
85816560
71871040
58866202
57218118
34690980
38174771
42990583
22843817
36175421
67580352
64547308
5220470
86074071
48837099
55575834
63419460
89861600
71099509
65403555
21664757
65669297
66528535
29895090
75999010
8456676
33295010
53124024
63716246
21164712
74718421
50087306
89770322
12604698
85620194
87811780
87310263
85875606
13176976
56902299
32917025
7130943
18503240
45855012
53183610
26402557
3031623
94614355
5749159
51433756
1683001
32100321
29787632
94118204
67455349
58908196
24253598
20444697
17495283
98607444
70914621
33540410
41813322
97233757
54038351
20403372
76828042
35864081
48330653
90302558
34351843
1104315
40150690
86499710
58612438
66567814
51712342
45859857
65437163
74144810
33594911
35466254
41508095
49469401
60436110
5456383
80451067
57799939
58077684
14497994
89141473
61036743
50073020
14388535
21957028
55112230
35166698
7126410
15864961
24305511
17223802
36250315
7996443
48132737
18501615
66199046
68452149
59395414
74008246
94090544
68742376
11436979
13239225
93291307
42668089
12793537
70473623
7643455
39248025
17576646
7276662
81570363
88368344
50107619
21561505
71036765
96093829
84695538
76786630
22617876
87430520
35524680
60744621
93485876
85760375
19454071
71301738
22646333
30733161
36392795
97815290
28366317
45508430
22916497
7134660
52308814
35128919
70867859
81929497
22195837
92160177
79993209
13147988
61678462
24859303
27402214
60773363
9383467
92440199
40086028
68178204
52822201
53223440
43921774
37184540
31197532
64250424
14678752
59883326
43905089
42342151
47456953
42999498
55564317
35392153
64553519
94662193
53917670
34040642
2373972
56910935
93861275
45360693
11296889
83536155
49800209
59955626
68604612
35485005
48522436
18392696
96215873
46038600
46234027
78334990
14747125
14662340
48075419
78670642
12862758
27131635
56470814
27477111
17262407
32603971
93281767
17817828
6984235
39686351
21091717
5679245
23762157
33930385
68202489
36469689
38054513
39968606
30948885
97457818
63761154
16138529
5152932
53857199
63632492
97386754
83383189
98562874
43304798
2107898
69892339
95587297
33169711
97163551
98626976
58613861
35037298
23167654
60090207
60667122
24042310
33896066
64209782
76611706
56249254
83664075
67377243
10912504
97580753
70381976
60282697
44327635
41578045
76275244
98741225
77170921
20452771
9940391
69549859
29486013
54213004
17898874
62428891
23709412
69983035
33290177
54429797
27669439
18727135
15128790
65031539
7472528
42640114
50125238
78263150
13019207
78179304
59585575
44294242
71890988
89375104
14819550
25762039
6075364
27014790
84013785
85017718
71771279
50299078
72800129
30978250
37432341
20334964
35681321
67681925
10031089
34324419
20467775
74600947
8921966
19905387
36002290
95965900
46767383
15290270
41006025
26876022
36628687
30699991
65356436
89118442
22404122
41349312
34643607
456378
54403874
67851611
77882083
49878868
43963533
82513805
94625434
96082825
40705716
14736760
25880074
17958427
93019986
34549508
72133088
89892595
19966040
69514581
58521011
94888113
84025566
25181893
1404663
49939826
38627890
98295334
6766435
84329855
92166529
61703449
98875768
85521854
79668085
2000992
58393286
49511613
49500012
15962461
81372516
77753932
25943091
45277565
66097180
11311836
23803763
33143683
8067734
761737
47043546
15819502
57429338
36260104
65672882
74938783
15052367
44465289
9060791
98896632
86589718
62609822
62813434
38147188
73570341
48306782
71609717
94248257
95248519
68877756
96251760
12699421
810963
68189307
26007934
62564202
78218802
69025746
56226673
80019228
51174101
66830361
41895421
65976891
13483068
89855872
44766105
46037155
52016086
87469717
93132044
93692170
74441775
6941315
76492543
55950180
82691507
95638385
97374310
74990919
43899
48232635
12920149
41456341
54917078
9314736
91227181
12531488
13142912
74771322
76011571
15403007
20933863
42116164
87677855
65989011
97984246
76840009
45317721
37812141
30415127
67419647
81833752
34406557
69256602
55244619
84007064
55434877
9301625
82437594
93559086
37004207
14703234
36292746
72623354
13407510
72953675
74160314
95324919
99273792
6400750
71855705
36911454
10057716
8893938
7325107
90023358
43187487
43569203
81476887
19703630
22532911
3212342
21481693
90901640
88258305
74940862
82279977
63204033
37255663
31269298
45954783
99129205
19805662
85798586
48152709
31853854
96532660
70011688
30773967
33315985
93455652
38208032
39905409
42830177
71574593
85217566
65784096
73142717
62468983
5654543
73352317
41891181
62578274
32034824
61797654
81516017
49755364
80601690
71247294
32943243
18676478
25924467
23742035
47019159
57936801
91527163
79848294
70833432
56549481
17659531
82592229
63527735
43488577
77569118
44893807
28888614
12993773
62576268
88025594
47057710
90805398
39736123
64679895
35348163
22459721
38636589
19739546
57812153
76130090
93015703
25206854
47481348
22627853
85963715
10952739
44807200
33114000
22405071
23168563
45760978
17786029
38724785
72310356
93036523
99281648
32390416
90921163
91243593
72905104
9577788
21149599
64510527
73412873
42208185
65643998
98878000
76965880
59063963
76538341
31511547
84147894
6675157
6888135
66136856
72012067
13932714
21853631
80840486
43209920
71248712
5004703
24744887
41450003
10609745
22825057
25057668
75067579
6977594
22588314
44124632
43155563
88250324
38619255
39352993
4141533
40452943
22681215
31287559
68890269
22341937
45505140
54909596
32156027
13946648
30465670
42483937
60962978
16574840
40477223
7463172
92784252
70210573
87135292
89868770
7326156
41184081
6670067
50808171
39350486
40178979
31195406
21785916
81141627
6812772
65185803
68255750
96384994
80763476
59223514
9911499
78154142
26355109
86693776
89747864
60434550
1737319
19332568
98776735
63923752
19585246
62463181
29866535
5968981
80397851
44808017
71362392
58624457
90928977
14945595
11173876
38123439
41311271
590383
66628891
79600573
42670658
41210475
57068881
65703061
31018060
6524381
81220832
9244456
36397082
20518053
35362701
77599068
97741581
38461466
74305263
74078718
53428845
13323553
77395450
46355992
53619382
86043435
65813260
31539685
72762971
87178611
16839920
67297949
3025864
75422525
49343017
68768624
49068522
77133903
18323475
18807522
73025651
36256430
89380619
85522245
17982627
18804619
78820167
13393866
80743249
90588767
62880821
8857977
11358180
40883401
42505642
45699707
94096246
31582362
72517258
15235284
65794419
48034197
29961241
21345319
19671612
56453419
71291515
31361150
43015451
42832047
41697115
12837222
90824888
95707529
87273358
72875185
77104995
47058026
30291031
85180881
76742689
16545805
24536785
23493431
8997451
16013851
23453483
45670478
60269557
81048763
68305575
57199067
87151289
67809219
94670373
91439695
54202771
17053587
23099307
44637871
91140080
61474245
11233829
25016331
64420182
39084676
58808338
30961542
76066908
66839224
38462641
30781431
76696402
66491420
76894110
42884453
47662281
16588863
741035
69962666
73812160
73895637
97744535
37082774
92821427
68508794
23186593
2107944
94665575
17893098
20945517
41444283
2974371
29452421
15870190
17819868
73723510
9301864
46035153
9935086
46305451
77190885
72038128
93589389
23662621
4635774
85835772
10109401
67411252
7142261
16908221
86594688
7216850
56511632
13073572
45682699
8705926
79163281
15030189
38881015
5466809
83525969
59450009
75081777
29862138
5861777
81498300
70385231
1596814
17825773
45704268
45824606
97105557
72205313
51918447
57728105
74574727
27250919
2208745
10600278
39300199
23525960
27802575
83469448
93535386
57028902
38804788
1885798
68156931
11944208
79665754
43055758
10558984
31062819
6820598
13087511
18859273
13236557
15636766
57119615
54987273
61184533
50597690
37995197
40256597
61261406
31159894
47871790
39503492
20309261
18349301
43307489
84502370
32110976
8125831
25714245
72250687
88838866
81478254
23403934
39208645
82777818
45089276
5232986
53667154
55736151
29905780
81169804
73809868
98003723
98061878
33428904
49115128
32543170
54166975
88118524
72656763
53843676
49435332
43140508
71016202
36322149
56180807
57793231
79896144
9737674
60362256
4771252
8942299
35679734
21095820
88933400
10371060
36359524
58600133
40184123
31241485
54180067
92095940
72209769
60687734
80128884
19371301
12713057
56717239
39708953
22586810
29626446
12318454
82938814
91626933
18193897
95630029
39828
93025103
67764926
70645629
77440185
15916043
39400792
53416689
47850298
26225551
1092386
73287034
68046229
6277427
81473340
89189887
86707676
90761953
73805170
2344415
55819395
41300171
93697871
74872044
99032648
4692335
79745595
46380543
63362996
86987763
35916040
12835250
76844604
98888970
27521283
79816301
20151532
2026126
31704803
1482094
71842247
57831758
19223857
60061494
95218747
84157068
90409552
63094487
48497792
81014755
19025660
82374520
8107912
65098243
557658
5518364
74424231
98536309
39072220
19276377
89912515
35039557
15745529
79937106
17392592
97225528
16194373
29187692
56485529
4796495
62167418
61664828
22262450
15927303
78100263
23573577
3201132
89564854
37140543
99855828
24085163
12736815
38405175
31206149
89021733
63520569
71529632
4675487
10098577
52736480
88441431
562023
38981237
52624631
60930118
51976325
99551099
22612161
25004797
79513785
45687675
32003494
62017640
38027657
66646876
71809416
26446961
39468478
57172403
6714789
49853337
65263970
60549031
49036477
50256671
81406378
93013937
11052374
32944248
54656477
83987650
51688370
74635464
93706674
77204028
98003943
91341060
68542036
9011994
56819958
71952571
26583089
87352508
56003577
43287457
59704918
65083588
21402750
5035857
58060133
38617029
16015878
75682117
3432168
80523743
609107
5362908
54900382
23363469
30892845
77248828
49297662
30076772
35649337
91173911
60761286
399397
75656733
7604665
48113104
59984562
18051120
5081456
40590071
60502916
96623318
83950253
60107311
26002100
34329965
22384648
21933547
99002851
79213621
14722571
21469144
7718323
14773686
75860994
92708283
23333768
39150671
59484093
65929598
83982116
69226472
2285507
32279965
1382556
95480454
88662304
57922524
53890994
69778557
60270610
18443860
89959724
76569466
92033478
72348251
44186127
70307536
13471470
91551975
92652086
78887441
26445483
99079392
73572552
6599487
15687382
29738856
1392923
26208273
89865644
37482077
51093783
84115393
31712892
79241509
7366035
68873403
67184945
63826841
27518625
36532684
46891786
14783635
12604703
61779595
60639378
4597432
66873555
99216470
13862783
73909237
11619037
25113060
70532090
24601418
5014828
18050458
30963124
15627902
88440731
17477325
18854821
74392986
84105851
76252728
44329880
62210673
33928243
28882370
55164270
50429988
85699610
1824256
41223146
55713308
55248215
60032324
31901670
20161850
39172140
61489256
64333312
94614118
45014238
42693450
42743097
47898454
39627297
65252803
15604702
80167287
48451095
70986232
63980771
8748233
57648127
56076405
66328786
64651459
52718506
93335940
23709910
45312848
90111797
66724802
3181682
82404748
53389069
64881549
80100747
42109548
34918406
87365199
7203794
57429475
53107568
42416366
95795793
29527597
85516644
14467477
8280563
95038864
16468436
83083404
51449041
82898935
85867559
19064891
47527272
79585541
32491117
78520647
37454544
48615409
69064941
39417861
81844114
79386722
87801069
19534185
44681424
59119579
17906624
23785796
38171192
29707697
4990011
55908120
72470452
55845191
71244664
97105258
99233321
11852063
24343444
24987159
80274389
63295499
22466022
49196146
56981897
46842932
60365221
91722385
96632086
12459910
11914871
48619581
46432026
18138415
7647378
63194926
36765018
4692245
64288534
13761061
4570430
24405217
57189556
35686590
1889980
95036614
88573657
39384592
96554759
90080700
58395290
12527183
52765361
36229431
62814165
60385912
4664788
79670452
17340909
15732101
9788253
99759848
5122869
7519003
89440257
25996860
79827958
83091644
49358069
77343820
95722738
25742175
92062977
46756965
97275125
91892925
58941098
28261803
26941158
84768827
54274328
65719843
70706201
36771521
74853915
30881919
51706431
798209
64960287
11104480
83793083
57945425
21032785
10634463
56720141
13636891
94028603
28405909
84506374
74114952
77430555
46455768
29306831
92625002
98616778
50449712
65073957
87920996
28922107
43887225
67226293
14291850
89919930
16674368
63428061
98118560
30817147
73833021
92905429
9331263
34916474
84997024
17434040
98318892
77430000
63563916
3686296
66218647
1621480
71103400
77203822
21260218
27558607
31017938
92262659
90386519
34221743
889308
63165882
6751876
62712142
5658765
81217959
3154249
55011006
74726672
75464437
60305348
91637233
46715661
3190096
28245903
63177335
97371445
94743322
83997538
493018
23588276
70249974
70229754
63661617
98908278
84849300
73805362
98599554
95431742
98035791
40354949
31385680
47539798
5588192
18799310
15300670
66487926
66323893
13413257
46171450
49132020
19492103
77993565
84593462
52822549
91968747
52953720
87551798
39573829
38761406
60528577
21907406
21635493
12495751
75720221
94153945
17856536
4451633
74560877
39291941
33334944
31246824
67644735
87081841
47459725
10415895
3238469
72772064
99020570
92256951
45697569
58697204
7661364
79086037
14854838
87007871
19915203
73467362
23416932
67496196
15533578
49610771
99714645
3712786
86781191
7272058
62189925
55120875
27028126
28636259
91895577
62152707
33901291
10581797
75529461
87936842
9942885
81462923
61887848
62880375
77722569
25625041
44919661
96094165
64949294
82399461
7244518
37947917
20378071
2235197
52669455
10564263
78068173
14879919
85698698
69768333
10240816
50827109
74067683
67974837
31400023
12737017
52889482
99137098
82830527
13865995
55238617
48472795
85768533
13600317
45522825
83167361
69653968
49150136
71692498
63089061
71485269
19439337
41586607
97621797
44088044
94132924
92809586
85013857
1300661
62486813
68437058
41776511
75425748
61245639
30254918
60664315
48594552
12248476
64744796
24524014
86129230
7395273
46347879
18483184
20352042
42350768
77145271
86218739
73788298
48153742
82592040
62575698
45759291
13940358
23558762
28929236
74320242
6989782
46540890
40406341
39332471
36423018
56497009
99639731
82280922
81313448
77737143
77043188
2195323
10282198
50086540
85046982
54325245
52623788
21923327
5111498
8132970
33338631
20484762
12551394
18538231
9858575
43331078
37122942
28284817
1563814
35777211
7053830
30579243
96570379
27021721
79689492
59906320
87856519
68684551
76406187
47263815
3077822
79509053
86335000
51597507
67070732
52858278
9973160
56120115
32892185
20980244
32810094
48163871
80659266
85344152
59167339
92052195
2060087
47142523
7788240
75532723
5571499
64989819
40682799
94815703
54217340
46163471
2109276
55903396
76763452
85664382
73072272
88170616
53682865
16660053
36178355
22366193
72998224
97270712
16502669
77076783
13062549
14103436
11848188
15887390
40366110
60583054
91749578
54087821
3233604
37719040
63522919
69913952
4764344
29417929
62385125
55779767
47005003
36753223
34124769
48116458
78228489
43762849
49632329
11706418
69535936
73554427
79614930
7039263
15038529
52989827
70282823
59161071
57019565
56882008
52264075
39623804
18483755
59802895
84389458
77306657
73218350
14826255
7182530
57334351
67380698
59113731
51569336
49444775
60964345
68761083
89233627
59457627
87333488
43170749
129032
2134772
8610136
46221331
65841891
15354523
64171482
97911438
5991555
88941206
28076302
28461069
11531029
9484480
52725642
12562718
94561498
99379912
65192156
27877473
48102491
82180342
12128998
22198882
76515779
81680306
7305824
81596432
3942055
17546849
71992184
44095541
2354975
40976263
38079965
9188138
30240334
44966996
94241585
65936328
16414566
35296685
58197071
2009912
18761480
41379322
57188397
35253206
51346979
59261475
63703603
71263229
32703118
9828251
82028730
24755778
65692872
22428509
4917507
370205
51227135
56878104
62284013
51726255
30691208
57946696
643043
24133832
86713609
67559205
59207014
60138557
88336272
70489818
8530018
25572450
85110668
48609026
92771599
45842990
78328941
82931487
4984542
72349903
53445938
28689540
76883412
82838214
88856597
89610158
44015197
30628746
11476380
87463798
87573650
39240063
69413474
10989073
7399584
86592342
43335328
87443959
47561453
76182758
2457851
52263588
95975428
83672692
84075225
13142960
37275450
22495394
2147344
41453493
39325032
64231169
50283961
87549880
7930182
51586942
76272290
78500924
45267781
79474641
19974356
54601306
75575618
85554324
14188765
76514402
33496779
27208872
46766850
64812431
73819540
35532437
9527718
25347196
51588669
2823708
51845091
56947577
69321691
42567659
9656593
64418607
1246233
51704421
89985949
52592776
90871610
37095917
77573558
15946576
47824685
43629843
89198818
61479114
55580639
20764011
3778334
42816412
31860949
33028000
93238905
11901655
38203810
60156886
6408748
6982758
69540529
20065561
97881438
1366769
11841248
54346284
58298020
31100574
92789264
6555795
87480761
37902677
90246880
28199878
23227920
82801044
37514973
61786904
84069889
20787050
36557689
11101985
57735435
58787524
91996656
59401746
57244835
52817841
75519352
49094577
99700468
61564862
65795027
49925343
17885043
57591225
56909493
21203745
17569822
69324746
944268
76204548
33780029
58561439
67298073
45936119
40353405
21888858
57163201
74313138
97206476
4697719
57416602
78518872
4660919
2791866
9835891
48793325
10272035
3671334
99633183
31188745
33442515
45943118
85495850
6140387
99199609
78977160
34292177
99444656
54334466
37777229
32253792
79134200
89722086
10855731
15864325
32067993
1570971
28958480
53763624
25283859
48625544
15421450
46459061
38481519
45752363
78241529
76538369
11826311
21069408
41852097
55663185
46064078
79272909
25412788
53536829
25337333
81957755
34947978
46883
50996601
76926564
57722034
6150246
81657234
43522314
95914262
7110052
9012823
21097161
28893310
2176194
3642459
89604042
70428
8960932
32369958
63769487
28968898
92104201
88284254
68645661
57423729
78002483
41162513
48038160
65465841
6655147
35878925
13367348
54628806
95819691
65524314
88003781
25394748
84119499
32724751
19547389
15652817
69318283
15706884
53399698
63369417
50214668
42033726
31033638
17426977
14159142
1951266
56165704
16712744
94374301
26381217
26030596
51463361
34766445
30117076
67531787
92756653
13510609
39040050
89907357
33869655
56381331
49769120
60329008
64114714
4630503
97055630
36136973
25180129
50428002
17641276
75630150
2014649
67445350
37634937
9371481
42321775
67715477
90294057
53904414
43305043
15270567
90324514
55118967
63312758
45650194
67937154
64392820
6000588
96810109
40725576
69549045
87838471
486011
1636375
39997491
16018192
32436713
64597432
46308936
78509664
77048213
57594295
78609257
60842256
25222957
29231491
13630815
12358192
52226892
78926300
62001180
35757023
48011527
8915050
94714215
38528108
59257020
43255939
71156422
14361413
64471330
2404215
7502778
48254375
11902245
39867264
82224802
4048156
88500271
5795005
87906343
35449185
78345225
27917999
69967727
5484673
59650770
26917386
97918224
48397684
14850029
61866649
76592022
19824583
43891718
11097652
16096348
23507693
76141559
3229608
19551655
37880759
605324
28558883
58922754
86093523
7096444
26468945
61172261
23280314
76044663
2166063
60279477
91957385
97491021
94566671
88723571
50757006
582966
77421995
59351601
23490877
12897249
38362235
21799137
13584255
1330891
96136590
13034460
46348843
31594010
13061757
25218279
94769127
76089298
26211613
95423637
90924164
66440675
99255068
63253739
24044951
44340401
58230672
1991101
83336213
86961052
47334148
44074089
10786719
80416670
4170257
68654019
30617638
54979752
83044969
91526816
98232436
15511531
9185041
54360139
50522019
3111614
76186019
90528624
53563301
43396552
56452154
48637977
4030471
31995376
41784239
7569814
4275978
94966725
30834755
186783
61505304
39322415
63475199
168174
76311292
14938787
70499738
37623517
71522664
53944433
72689113
30509817
38574244
76960671
89275387
75439321
19787198
96449535
91920397
29561825
19376555
96368966
18295068
10785211
22455017
4032700
83270551
27349965
62836949
2369653
97425360
26724308
23067224
77219065
73268555
83984871
60834487
40583592
55283247
13118570
96023442
64895245
61802405
27815005
9221133
90821055
88085456
50467045
34523643
4256888
90366635
78427768
82567414
19300678
63166207
87517512
42643431
2915265
10968556
41012798
71322163
24463982
73249713
64903680
95019558
55915517
38105595
10439954
38955549
88274742
66545601
13889434
48582534
55347610
33149732
57373800
67239151
8503941
10715120
67193341
30798234
5019498
39826860
53397965
62266026
94998808
84103478
55769812
77915554
68196506
46244611
33638558
13366238
43904717
67387060
51625621
91508198
17261454
53199457
79613920
34929452
50042962
73309667
86789614
60092613
29805973
64665524
42740821
8440725
68596822
76918488
89785747
53883148
53560463
20817253
8082407
21867655
1481146
88306814
86410726
66262608
89207429
78390232
17779536
4272770
76410915
5765963
17051569
37694330
60261806
92983359
16621435
7738938
28301089
44463567
61014157
10041700
66156190
32501636
86236468
9639417
68524140
1904461
75929791
48505335
73780796
35313830
41170701
90930945
71023932
68634607
7121181
22531744
85691436
41868448
2659777
64043737
18271653
52043396
74182028
53078324
60219204
21683318
82129000
78116752
49464098
79880074
31374082
3053406
79679897
26672015
90077104
17473674
67286412
61564765
47116839
6411385
25403197
63219553
85541465
51525054
85886250
70573608
20124139
95569048
50775732
57396524
75487607
44307778
75515143
28471153
31634480
61695295
45838391
266623
30180873
73786033
25197747
29482410
74073469
47552003
59547537
60735787
97484407
94943464
77017362
29503560
20570055
20045985
92032138
41171577
90307557
24368645
88054812
8280437
23944111
57526469
20697887
90680772
89658609
66703336
58562332
78218505
72663010
6013696
29294267
29789622
71595634
72049020
44540969
19428266
39369810
43436229
36641740
41346376
68907993
14415697
53171459
83837323
6871551
52400208
94026494
52735743
6689166
41243073
77480542
93096728
64217771
79465167
74555819
93722789
67296150
76971595
56667223
22083291
71823446
49856257
83231004
47084010
87480255
27617366
54897317
97934527
2538959
18419005
55580740
81445778
96956703
52309570
16115549
70981557
26909898
12363725
90746371
27437941
92035696
35714300
84668661
86716388
39467526
7722909
49976606
97820958
44232757
64015609
20414742
39230912
23349097
76094111
10786291
20360617
98966445
27123699
68906884
98742935
78072914
98454819
8685713
75279247
92352642
58573261
4368016
70669239
19353285
96100261
52723050
3413295
96293736
70284467
92373172
31913990
77135430
12519437
7373697
91161002
14554032
13068524
78365518
226666
84970696
78389283
73533226
92345850
14693055
86165278
43764851
83863453
60967166
17913133
81448704
63663426
89700795
54528880
48481924
87444732
10465436
64519025
96074435
48350895
95159171
16329823
54252130
97988706
34443034
51726342
99942193
61623444
33963025
62553140
8241978
55780467
47754701
14513314
66261710
57586729
97981448
71528682
53461152
57744720
4541344
67110944
75979474
47845875
91950709
38806685
87606307
80397239
72021268
24469422
50254923
71859011
44226644
72421142
21211514
80153813
25710999
35244364
76115452
25444656
40781031
32979555
46953860
83741466
10894307
37394755
90114552
821472
21865628
97425575
94515242
83669826
61405944
92749510
98516137
40492225
86659077
78552732
13921310
76474225
7446024
39283597
96076205
49964504
40160657
90100670
76097335
56459527
90786245
39381235
98397874
37338955
13152109
80332156
2953246
31390296
45978095
19544492
11961696
67491605
75921477
56339276
2575630
93349067
84663873
36247293
60142756
72847703
78380175
85983151
62145128
49890371
55681778
23907519
12771722
78178114
58142265
10851559
21568466
16394161
61201388
67095006
33863359
26407096
79966859
97682409
3918174
68835495
64427747
48104925
1507912
30457391
63876529
32027063
89209187
17500423
61669122
868330
12075559
57165560
93319410
44159679
51051314
29044317
70288277
95251471
17975358
7045478
53733352
33201403
4344632
71701327
23256241
83148908
19955045
25421038
50909154
84421879
57828241
31267417
26222870
54029094
21167323
58536051
15302965
33760713
22882978
22891524
66520229
15931334
24020191
93834640
59688702
87143625
86819624
75653045
68148653
69929366
88066964
41732158
78103344
4902732
86054947
45086210
87302192
43208771
29383719
54077305
56979226
34276306
35798746
98920695
53679579
80138801
26880318
50975467
9463149
69211855
14886176
75671914
32209823
91442711
72260175
23505794
94581937
47785206
72604017
20227812
2269689
88323057
63906336
6548397
52136201
54187049
84021993
20515865
82333174
57802675
87555282
73739906
38843112
16238813
84586520
73468338
56113831
24743182
11321398
62492848
35382027
80218392
24673334
38320185
82966740
58263215
23246783
59778615
27074280
19892044
38476795
73552408
88281131
46166010
61624691
84552811
81380738
1002337
87456091
43458043
83853708
35367042
94029531
35130067
78319147
81640661
84436909
75186844
41702876
5706438
73354158
34452456
53192348
75667069
83529693
70159887
74910843
36842903
68551125
91624710
68943585
84008199
42660791
53223015
50019671
21354626
87302789
24895715
2265761
77873562
67870774
90382388
68804938
14302259
75476347
28533593
55037592
2186235
85403688
51823136
39051206
47908375
11014348
32212547
21571643
3320859
29543304
89064937
52500075
13456111
57953987
71326753
27790338
61039094
71306415
90111893
46711299
22699328
5935329
98769731
92518269
46513502
7819285
26631461
53078806
40019972
37108987
23803616
1597090
53891900
32126329
74847370
51788075
62934797
26182609
90724969
22967992
54970966
45375955
60887009
70798274
52514504
44548579
70247523
63538081
1030525
9556057
4728154
31583677
63721683
84972445
46292119
5068534
33027585
10387374
31420315
8139918
33426331
53782697
45832086
123193
78617256
17854794
48868604
33193482
73185130
72990461
10587260
20448542
84748778
79317376
42290255
49214626
1924938
48720836
29761815
93862451
83302202
41692546
2726064
33186074
1173733
73894474
9285399
77214496
92842741
50181964
38740505
98825202
29163911
59251631
57381943
33036812
40840748
98149002
72051275
2660996
76241192
88483012
20743847
52957893
18947476
91235512
13928450
32969474
44417960
32501612
33325898
20641296
5311875
69385611
27065907
8512042
57542043
58289703
55597491
14118112
40353486
1304268
68974261
36920290
27216254
7746479
57815252
90710837
46575508
71516598
80640123
20221781
48040674
9348177
90070235
39256090
16310858
43520006
63438191
17398148
97898049
50095990
13569951
10623577
10804762
11546284
84498449
33870026
16226692
7003108
64094675
97860710
5266539
70482614
30368261
66533505
67210301
14094729
95235340
35588911
6493859
95411115
1672066
66655048
32234438
97520558
35507123
21494906
76787426
10591484
95060909
95703461
14710603
41375827
28099201
72452011
18590799
50397569
31979493
38207686
14346866
9645986
54761919
13115081
92989235
95219385
8195899
28436418
40908932
42880737
51642002
55460240
56855517
14694093
52238828
5410409
59033138
63336688
17278846
