26870146
39864202
55056929
49239460
11400066
88698002
27592044
61251305
47374767
42379935
38891544
9176423
73548437
18824118
34058642
38673505
71998162
30074
36589211
83601800
95588722
4214753
98605466
51597357
5243009
65515504
20112169
85221754
80472106
2949188
8588761
90870050
65878467
63272642
25609559
93355855
61704834
78081153
73330018
1818819
18725238
64956885
71451861
13961120
76587994
38755868
91680488
11090798
14091049
25171688
70751456
59074739
32364523
55539108
32127614
20200371
35529542
97747613
38834007
80534200
39842895
59216413
63692434
56060611
88616428
41584805
90567750
72346421
75585434
12288871
44084051
90162249
46595533
57168498
1584067
32100397
8472282
49677764
89408293
84221600
63187004
18693606
82185980
11888571
29896244
85016964
20203678
21664707
73998117
35989425
33163603
14243857
43703589
58377882
14112833
64552719
44943642
61646973
47039719
3082681
46990105
78122626
68423138
82504163
33645399
16297084
10291000
75107507
69407406
50781821
86042254
3288833
76972428
91884979
903498
51769133
31004456
33770100
69102013
57051590
3152759
80584786
56172189
28037017
43782348
25388692
78595785
87956122
41287919
18023791
69240785
32557486
16395522
87128196
54077009
27634598
5035112
12568930
60830606
36988768
5341979
28706506
12764982
80809690
59593794
9206203
20683
78232247
92831275
38122245
63754617
70005059
18818776
96387266
19999973
61250981
67139535
82769430
18534999
8271846
75483396
52832270
94689699
53867163
52887447
11411889
18682688
86193606
35860793
26183844
96351441
91714518
70290812
83525442
62839748
36476013
4209502
36779168
73481412
39956117
74571105
29815833
2957488
79628930
71487893
78762731
59422883
85262948
20486866
89387565
43299536
70298392
49506989
15837273
87822155
81801541
73331483
68510337
40596307
98763834
54725907
35346900
37495906
53512822
24476973
98054719
3821537
47079534
53855220
90359571
26889283
77600674
68934040
59202704
61794550
79667477
40273877
86388770
97476934
56925792
56158636
4701403
12952990
89939311
28769249
24902225
67262185
31640624
36868261
51350654
49331188
919405
98541881
29613219
51588756
70440109
63071934
89060438
36290576
78062725
25101693
12713214
70475991
23419711
7196126
92944746
7880311
93386625
72547728
37833455
95439803
38207198
86018444
55395581
36552241
40377853
42254548
6678005
54990953
71157981
56998457
58837228
15198336
88654863
13971312
99387467
17490228
24968186
44547084
71484832
41383298
10323749
48812519
64756428
6153519
37204997
4589774
88104744
56743458
54198237
29373523
74699043
13070084
7801648
3772650
46784268
45270602
6809648
19563347
51690262
3474380
17546316
68769217
70029697
90474642
74280793
31955755
86984722
91155913
87332137
65828361
11560302
65327548
12014414
24183735
4531249
30349557
69676714
79631975
65994923
89685174
21647991
59030333
70860182
8678230
54947148
18256579
73642160
97806738
54679414
96939362
23096696
90120697
81037613
24527173
48391509
23506345
23333318
62710778
71679133
97888212
32069460
29066064
52492766
4469486
11420803
87117401
15400344
36823489
8632084
46455731
27975836
83477852
85103145
89388123
5051928
96437393
57085320
82381847
38360386
75090160
45684598
98340600
65972642
66559820
72731304
56722589
88298108
6928069
46708735
96596866
1232334
24182885
2161912
77424282
4737845
31871447
76588645
64031381
14280299
27157470
20507548
98810822
19909020
59510838
42889182
4191366
28546482
28646307
61352611
1932236
42388983
27182140
7452469
73372939
41048566
91131533
11450353
97542320
42865555
9682292
70601282
42751194
54883531
85616155
88431227
7043578
39591190
788711
94788753
33314423
49185495
14765596
17484280
96916235
56919631
26933854
67533232
99425284
19424994
70398463
98254444
53095278
29813703
37858770
29964506
79586952
89769450
58219811
15304938
71211452
72356607
3278954
31281833
93254051
64131774
93096953
44840642
28919050
7560218
582377
99992752
93449719
69942671
83471446
11677816
22113736
88454240
18029215
58401107
31379836
16277157
87059323
3280145
51702982
19837374
90649396
41316358
71924274
69527264
7514306
10616208
14540839
40563573
55969658
83676379
57913746
10040438
38779086
28046754
34780057
1849285
87697350
68157229
57083848
67140072
62190290
95797553
74041758
8575791
21916253
7128933
85639773
15919454
57524790
3670195
57849958
62879677
52572456
77955017
12159649
56790464
67138689
8229151
41323237
60356682
73979436
21841474
44096835
65518527
5400930
55984191
59963576
25961284
54819757
64151100
68918573
15588996
6546586
93950641
25908607
20483043
13765917
34654199
42241471
72712461
713336
46299920
96560574
64857036
74250484
15257933
83156352
10323041
8283819
38031551
37630200
67564167
13017107
81657971
61941851
60601981
52415005
35575472
81288663
39673568
86133336
59602
43217361
71077964
28227670
26587124
5746591
70857585
15540779
87259586
51003967
1316088
14384829
83397174
48646082
85428800
60581824
96822196
82250374
61192810
30066255
63658085
59865285
24799290
9295242
38689179
5280096
25717194
87972878
62357405
97863637
80448659
4456831
6605335
95350789
95803871
59690140
71953190
31469446
50576268
62807579
49237587
16785297
64728197
23137749
45027286
56178103
50834524
35440113
74607888
84622711
42001800
22498357
71790508
348958
13883481
76010269
16895336
14710490
5168774
24754479
30041029
27341521
94928030
67572177
18201287
49868790
63448680
20667475
3244720
68442183
34474405
88369534
30856671
4923917
89421361
42210604
76566571
68391673
94336285
73730061
51565030
1958964
88525945
57955037
4307842
65620525
24218671
83451789
86336961
19488734
81238269
77756432
81066309
10273542
1623006
8110654
82576618
73117896
64525648
82796229
88786729
25566046
90068202
31046272
18473022
47346950
37043906
29865605
20185097
73234704
96745942
26640965
29648357
56872268
76095468
16087002
79911547
89890775
3823861
87060991
36898859
26890863
20212680
8628061
44825071
2792116
8628213
11626945
74630341
26147635
81462588
56172052
72845951
35128450
28372356
48735618
13177717
34128633
61854175
46851285
81956680
6819528
98300510
33466811
38376801
76156765
27576091
58577925
49326567
37527930
78381404
679380
68440273
63400437
53686477
15104400
49122376
2986560
96981007
80241628
55898180
2333611
78829633
34058153
57070885
26727572
22893990
10890598
96509386
39279629
18134019
99380901
99192169
29949928
5917921
77727754
40345037
18399766
8632028
92373927
16081339
96991203
79921543
90642460
64839834
62545165
4508026
75497022
66467100
15696826
75528302
27125530
15569218
46467121
4362137
54178651
879796
67974030
68227991
6174427
97535336
51925234
77910208
16632410
67130819
24736547
73023367
12577970
23537279
44929309
85286844
38491058
44610641
77079256
10689719
16184442
66375500
39053399
65253171
52900929
95823953
79408975
53589939
14767807
31826301
2922637
94027057
14718648
38157272
55651313
50977065
56983080
43953049
86340626
60260113
76030322
32467661
99122901
5528182
95483788
48186035
56646551
47462527
80306301
31377223
33315471
57963130
95379684
17042797
67240383
18920208
56856712
92932796
64014973
14113932
9810094
80300685
13551879
11279646
47580052
38347961
829315
84639770
21281524
56076426
83471695
72497288
16497157
88693065
84658443
86500056
2366512
96954127
11363389
26823115
83525825
51447557
24393150
34623668
23768177
32348103
62849475
14746284
69217767
2689597
72830713
20803160
27043376
9718673
34604726
56363277
31347133
65106133
82426141
16568870
51167059
89437085
68486583
11556276
40134905
58288370
76191366
2399624
69951213
97018649
39435109
49118221
61318468
387336
64251998
87357427
31102822
21404129
19020629
87957987
85813459
4388060
80353436
96246633
21587266
38450577
99821941
22309048
85659485
92850587
18649429
25735627
41650131
27286612
11294165
78756559
76923431
559538
20366692
41031205
44430766
85554091
34361618
62868797
15964103
29213767
37338515
60528434
10979668
49717710
95100098
1560813
50960143
78236934
22186543
89671197
57721408
65129344
81294158
71784573
330442
5616058
89914139
40940117
4304100
28289615
51131532
64998893
14309410
90569074
42110703
3646377
92747036
50807568
1214516
92653515
88829519
54062783
32520869
58803895
26291350
63915986
78504973
30166992
97380573
45236150
81903132
44898775
84366743
97656309
11477301
47719119
25680920
20303573
5584192
65080660
29568714
98622035
77369235
62235198
91127781
35569713
41322206
34721944
57902129
9462920
38427151
68376371
21485496
58823474
85774270
6007370
5726295
98168490
3859271
70276101
55500966
83556692
22288985
67222628
86047824
94772709
94822847
1558082
4201670
62643207
97247319
48279805
59596874
72790318
12810436
92211130
75043975
45466089
4932226
21753650
59985476
26586874
50186556
38723028
28125116
20436368
33813201
70407159
56055430
67439121
34272214
24587521
18351657
53693364
80533098
7979312
89617798
281853
960472
39267432
16166253
51381121
59168467
99725486
69915577
70947617
70892688
75920737
54821551
95848661
76780303
45809401
95775249
89683554
19568231
27829333
29477102
68422624
38084909
70321895
98900166
2786595
87591476
11256516
4874796
31339652
36363472
60817234
15582213
50756762
66645175
12900331
19964126
74452620
42753920
306338
80064700
52119483
78957883
89850893
72632110
58836599
74358141
91879277
70125351
90076327
59155818
96094481
97948356
84928454
55614196
37555474
78231573
68565244
70759424
47976525
10594611
38093183
21202291
13774945
26955826
13940346
47906287
87344278
82370902
71097005
25039679
54742944
94819519
92934473
58768916
86266449
48546876
42925159
73950845
87012180
27181963
29820717
39537414
11012802
76116787
94976960
3646641
58241752
55908726
76367181
79140426
87442328
93123668
14255880
46599242
34867297
64167025
35591876
40567145
39595127
74658514
96682004
19171784
34526671
94497930
46283287
157881
35159346
90889496
27705116
63990565
82001724
21614061
14116262
68606475
78131812
78737943
80129615
37695372
52956189
54064884
63473511
67471602
74383456
74811663
91281824
67517903
51886617
58243343
16515262
95890243
66029977
64070547
71034279
35513480
38321082
604769
54507151
96964269
389295
24332862
50280120
89621969
90504195
52769956
72751899
90781363
34458499
26656185
47967914
40665837
4913018
99298677
96044093
79341887
13811488
6553915
96617606
6081084
9575649
1466432
48745952
69407234
93395991
44302335
16767747
75461668
81956515
25709995
15565370
8496057
99318649
23279814
42965854
20005517
92291998
16486702
85933790
92088773
98387585
32840766
77103334
80518794
64744084
32996292
65564077
70503579
47184022
95391318
59623149
83697038
30130111
23601931
21092624
59893750
63695440
47069100
61047631
22865539
67628617
35207649
24779239
61627884
54163890
21284214
33919720
20213555
16297774
18333067
88817441
65025680
95263997
84474221
91426196
9607935
51716333
36300968
85383218
81843602
28599742
14174715
41662415
97426
24459662
19285361
92602131
56076584
78149597
24651006
90468183
24888798
94579018
92473039
77144425
38671076
6006112
46162808
98293174
78133602
34648643
21960174
58407308
42617379
44618271
50191783
8911676
6250712
62213634
18840405
87552161
62733203
60408608
94944224
96956852
50993886
19310262
90980694
94954663
77775769
77867214
56139047
60780973
18914819
33610559
45519766
91308410
33629919
49617780
86508439
2848782
59588093
50317100
57956181
69793643
72927805
62281804
13724024
39152139
55235685
71845567
15322887
22973098
93750410
91979120
56824728
19639408
30193066
41471479
37833551
10134413
34391684
3418526
15324501
98034905
10282012
73136841
28676095
24655392
93939988
77031493
50822550
69226696
98828989
44860038
98516352
69082682
68656668
78740925
38176242
71698474
59769078
84458846
77968310
99625894
93689773
38984177
68502627
49231897
4914986
8914419
22397820
8530752
91640372
2786713
19040197
19363310
35766148
57935
69239135
63011598
13467944
9841866
6564963
36320997
7711782
62384746
99719389
69368966
21237773
44444246
61351946
42750683
86030564
72751112
39559638
99514659
75113049
52148580
92441356
46463824
21605362
76577986
14023760
77689278
51141253
67078827
12773056
30968044
5509136
70622622
97097925
95689188
56194333
31354291
44233278
17224644
8854253
28233888
35369196
91994267
18971200
15649976
25684350
8809477
92728028
47276450
82850394
59577559
58336510
72362561
40458159
17825098
95554584
28112777
72104960
84919054
83866840
62151558
46256945
8763956
97358841
46360442
80079342
8075650
83572627
84783094
17299774
6658528
3819906
21805105
51930626
72544991
46516982
61085617
55204192
48498829
54243343
84953140
19810593
84117498
42192449
33022585
3269028
92390158
72314066
18108087
80950653
15222846
65671299
75428573
6039637
85307901
71666114
51917588
6132039
81680651
47457568
59170872
28563195
9115824
19827247
6399261
14608328
36358491
82964785
48007980
63046621
73178684
43103439
11532278
5637308
43778598
60972625
12408072
57804879
90116802
66845206
30247582
46650669
95396648
91901857
78784446
63996126
89320293
49574332
89954929
20486703
70496879
24468816
45304879
20678413
32163509
80468611
14770530
90967240
10119559
1701127
7602013
26411426
64358377
14472398
25381963
75407245
767929
52895435
12823236
64740014
15957217
4203261
21397388
42858030
84253665
39418902
34869644
94389005
75546804
45091840
25738429
7865359
75444164
50185219
90216444
28041420
75448451
85426836
48487983
62183775
52893717
61187229
97233728
28154390
30654126
77211743
79580788
84816780
41330712
88653870
59252831
6034378
98372385
21023271
32742786
77393946
25400012
64855549
4775105
42291163
40511815
3044386
48363388
31669674
73197423
22335017
36075933
39360546
31711288
22207417
87167047
62633354
25292490
25892482
97641473
12506463
42831933
80389033
35061875
10454647
851266
80759688
87935315
68483443
28967219
83251144
85171774
50766046
45769880
54994022
26095972
41508681
36753832
28966043
48612846
92002917
48015736
40420605
21625118
53343431
73099893
37536495
20443052
44498310
61028273
58983572
71116318
66910459
94744052
17464155
13083026
37383979
23069449
29798010
58935449
30690719
93532118
83845780
55445207
24311928
89685991
52756644
82301887
61320777
16246280
2962331
68906600
54789878
8467026
45233431
93991517
80501914
10815805
14942108
91392768
65106432
9275495
15052794
85208212
58902623
30307625
96149965
40296804
1014033
26310626
2876276
35451186
28908364
24067616
73863711
30830552
21065433
21445792
74384273
8840711
8197527
42887068
38138924
41644056
5244640
20929607
39966488
3746412
40186815
47384442
74384354
83342376
35728278
14890030
9110247
67744101
54382967
6657545
4674272
96701674
17816644
80059740
32083091
87612527
3150035
2111184
83989248
13581593
6155501
98223272
54691712
82060081
28320173
16741153
96477884
4412622
89002039
31822854
36755518
50443757
80061250
51268363
77095355
25772469
68782309
99398982
8794526
81273672
86629570
64989755
37518550
9859682
15324721
74293000
10923490
22220076
7628529
2833728
39904191
35095731
19151251
36765065
28222910
93047821
35132283
74183905
94293822
79800524
40924580
77985329
37054381
37639749
73379675
9446684
47842380
6022382
3607099
71488763
61935626
17846330
60242242
54520340
99532255
42051841
30269348
32412229
2565710
7693666
62415239
76536845
94231430
12383432
71347752
24939794
42716236
78707257
31808565
22154214
32830550
82142017
33316142
75071531
47516608
29132882
94207432
27849803
41787636
80610818
83539486
55095773
81115950
47826034
4380953
68551009
89938522
21697592
24451212
3031315
64420147
88368653
85467914
8197280
60849631
8181984
28048094
57419128
43091449
5155810
62703643
70635370
41402680
19302223
21192095
46020638
27492951
64348735
91568221
89534154
33747659
93391357
98512462
11257734
81039823
55738158
10818981
54832246
9787787
24396375
50128798
79811052
11985850
84529431
93058920
83937138
7995620
2801184
96804774
14463259
30364668
80482998
45719413
71960138
5415169
95010817
58808796
30470798
51874018
26408136
8763956
86499588
49975150
62094520
21113520
1378079
6081974
85227692
69604518
83582937
97326169
31906293
24831735
81054875
91358662
86962304
84633423
95131369
47704221
64050609
93889535
55792755
16984677
10445148
15344182
45006539
44947061
76769758
22502480
40352945
69747836
10425395
71508371
27178548
97898295
55611772
12807978
53716147
1525368
41167967
65734218
5235058
4792865
43938288
32209025
97680997
54021019
2160108
29492313
50151833
18718670
30260440
51428406
73826757
40268479
76461632
51884968
63492038
31806017
54890054
70482632
51551837
77086579
71483230
97607328
94221750
1278527
72298362
59304859
20445639
57791962
59403436
44616237
64817778
23664082
79787495
35110424
44964507
21284183
51676609
51074825
78548996
37020939
11705047
57717807
86472299
60606976
8213168
20576983
20699993
82749087
12583635
63004398
6355594
73129038
47707429
82266052
48022151
30934500
49625411
91388411
42650767
67254778
76783283
35454294
46197563
45326204
9954287
19262247
94654517
62578925
46053682
7713043
80353455
23993222
48071106
51304794
18464203
5957247
53397024
94563039
88377880
9400170
71278883
39738179
6349369
72166228
26339666
91658587
68211181
14573345
68067571
50448708
78000559
62590677
24540080
17420981
40531641
70678733
70894605
27899171
40708248
40018727
23696190
22368939
51183663
24215928
15855478
22478640
97353318
32525646
94596175
5413340
80692723
86790122
89739319
64256084
4368391
8812875
85729468
16005544
95000431
84389918
15069271
6212726
69823838
13491507
18418937
72377496
35896155
5982208
4514109
74173654
67528321
72467079
14766643
21863137
99622866
83105675
63638516
49820970
11578319
53656836
56672617
99694886
48891998
49373462
42245994
52116744
95173221
21851838
9295257
39210095
4084651
7394696
87390944
32930732
6266524
11740788
11484606
23212109
14686869
44599276
74028015
32204810
42688366
86467597
96113756
58034872
11135261
36937199
84448427
15200687
55850035
60056300
10708547
8453844
18338698
91725173
50957953
69104286
2885550
64623712
80465242
90943386
97024755
96154038
33566211
60230863
74207297
2934207
23696068
52071096
751396
16853871
30039641
94181047
35651614
88555448
39790589
40881961
4486137
12110144
95936747
79771422
57979050
41205995
59424313
75950857
13272395
95708233
83546238
73912373
75205333
10066019
69026492
41584537
75841717
6350557
84367974
15649378
79286106
37918464
50511960
4110484
21839355
75893816
80048545
83570827
56622594
9376906
43174870
53193211
10413858
20432229
12458961
33575847
97470778
15138298
3799511
15125235
47032235
5257115
78675651
63564255
93062936
76332554
3754119
76269660
12998693
9258040
81817561
62571320
68090963
95323854
25878643
33154435
25133412
23088421
78517348
13883534
52881986
35413813
21143926
21124973
73520581
54029929
66685642
20153285
33851720
66652611
46313886
19457871
90840580
38100522
82696771
6778356
36085253
44806983
89669422
13103802
48565736
38411890
28853126
55376075
30418635
19247729
1570492
44796365
13406706
63289723
80285541
11732054
86989556
22412700
24940916
61362930
14896148
72994824
22611426
36050755
81245157
16013345
91182669
92168444
75936405
42191919
30178579
87181403
99168030
66379179
17379368
84955995
58500992
18786466
66130827
27213992
92951511
50475377
46648143
29261467
1886951
95137398
9886572
96637327
54627801
73557234
75921258
37035717
29293558
25414897
34751193
52648069
73651861
50796272
39073074
38844943
44804488
18386394
68320868
46597190
51144697
42041058
69983694
75412680
60982536
27017638
80183138
63974194
36408359
37312497
39367442
88325962
19790956
56214033
32420237
40257521
50715055
37466379
8687086
50245817
3601694
52977857
84577908
11686111
52664977
83510084
10140265
35063853
46384729
81976856
88491530
46492995
91249361
82768916
28173594
60917994
74556060
35522264
87154112
77822713
7272998
2088411
4902034
67419540
71660829
93755630
79785157
16236370
51554227
65436557
89225004
88972827
26821348
59684800
23050032
71019806
78982683
53227386
92684739
13584524
51212402
84032151
21920293
73706959
49660636
84913497
41577585
14702655
40988173
81814656
50230874
88000081
65715376
40254020
27732728
50413106
38013318
67066999
87271916
81389544
65853913
85083383
69335949
29279234
70679280
59514355
65178541
43413789
72525761
30267930
35841414
15076336
3304909
16340419
66813519
63473173
18496103
19318157
6153746
38797046
47081909
88470669
80897529
68523182
61429309
79622062
90300136
1107714
39260840
93611782
10231474
71976109
41376455
17312447
73605160
56942909
1966919
21347092
6956296
57762274
9544191
56131668
33062086
64428930
94148348
53459658
30458101
37670517
34966833
70289108
80039796
18985339
86525548
41180238
64753472
71320942
89067164
73809435
81750801
33384900
95710367
8325625
22656476
78488720
10779670
17950276
54251815
13456227
95387446
73279992
91070651
34949268
16882172
90958664
61091664
14599780
75620349
29113340
14597623
68314035
91545238
87265195
96662730
935866
9393134
63996326
53443961
54722138
79612224
9942858
49923803
27835854
17209517
46802906
11997105
8753954
69138274
71567514
14484091
42727517
63370053
80150349
23150218
17218114
35567063
46119649
27407346
78629308
54278073
39553230
91907383
82573116
62344102
87123333
458802
87558202
67314515
83068769
28565780
74620108
15815680
92959395
93830915
60687725
65689294
76709851
77363430
92919088
13509487
4277044
50894054
15766627
56743253
53872212
51991833
18796914
10867022
63760356
60579889
19564513
93177987
63640982
90083135
63907227
30958491
61205706
18289982
36645793
49914886
67390938
73858783
17360717
12137074
75751421
22636310
86422995
33089534
31932258
67369916
93921226
75079831
9225884
254097
74212635
69294433
33549054
14879469
83852109
76771099
72923407
10723143
82885057
47863938
58108590
41049073
7150341
82167380
33474698
58963846
49324790
48556394
31210642
23470538
84763055
84860357
42825949
75060656
56679689
72649372
79589611
45653811
82184365
22485903
89777292
13513670
5612985
15010454
86116892
2566018
50300553
93336704
71670377
21833541
46532409
9694920
1529831
13376417
56104526
31593710
48925924
92071085
78708067
31129234
10879384
89766963
81618277
72809195
6819033
55349992
43175360
45565891
64756419
66641236
83477021
1567087
41373912
56192014
98196915
4276327
12350305
79077026
71337892
29095864
5356656
28003621
17967790
22861356
59262572
86506703
92123261
46348563
88321421
56107598
68321195
7691951
83577160
48796630
12280030
21084266
50521117
24033295
79673545
51006461
2961326
49204406
3950025
2285309
16756726
14914797
82680759
38851534
30881840
57589905
13056820
16947468
28961654
67941728
29268511
89038562
36190393
25691624
92315130
12353506
18091230
88457424
61994243
50656623
72335623
40877185
37668123
58381997
30697252
49329286
47317695
31996362
87865779
78779001
89882084
56706451
80670979
63883313
96564646
3864680
97643213
74736720
21430118
63086813
28626713
87939755
6771126
28950064
92768555
81476556
87447149
47994100
80170755
38716078
11308413
48923715
8334771
79916469
76760646
66082612
39575990
22420585
38109453
35274194
54278993
37887437
67192680
27684599
90423447
88590329
75660190
92172921
6022883
50276574
37518892
63521998
20510133
66825658
62545499
17656602
16371132
58548672
37369768
74838162
78356123
77999997
20978280
27710820
71057513
80463092
65991281
32812944
30314820
14608626
52242795
42678643
97892356
82278984
87574813
48205031
97138292
5376917
78212459
27195144
180790
62320480
70101220
70415612
56430393
8834228
72003691
6368656
75517023
38790548
50037288
62685131
86282799
31651123
57814685
68033804
39368576
71512398
17245654
65226503
47961820
83221764
814622
73387834
7802872
48091157
86496656
82436473
65240789
41080710
73363561
81755546
5199964
54706865
7190980
39632694
32523026
23926644
17365649
68512135
77231381
91183805
97154118
34542529
86549367
67522376
56373999
49660509
66915109
13069920
10616116
5015238
19198364
1869797
38109246
12880657
70896552
71791393
70152155
6438784
54727607
29925775
78435156
38577449
57834541
64087688
81981953
92419424
64992017
61918809
98580045
57598773
7022145
75173459
28858306
2587045
26623039
69495908
14075247
75084953
74894003
40681921
61380907
51023692
83461811
46387604
75006957
49638335
7889684
28326014
72224006
5682122
97723849
44726136
56724772
30143452
67570824
76509918
74284375
5763266
18746642
97203109
90710531
48190331
25645855
59061327
63800223
40679339
54107881
46354704
18511825
86063946
41618734
5912705
5305620
88073781
76616000
9237025
72726197
42767237
34370577
17366246
37994384
5584732
11776971
6990379
87817094
90370629
42263146
92912630
27638771
79233204
21002303
10136965
52651488
62390722
42787946
89868848
51816607
53955593
19980592
42107683
45791017
46621718
13896359
28242598
66466354
5510089
60553708
65237994
83505960
72112728
84216460
44780398
86298276
3452132
99232057
57147191
54281118
17628735
26913936
71491567
4888712
96731228
87605748
21877251
58552555
29433916
71552439
1689863
79540671
36119469
34255498
2054522
88948868
31088749
39015044
41406145
66060495
83018273
27186658
91823435
22467078
83535537
36301588
3451869
70699453
41359150
15987357
50291102
72708143
6840929
30184475
74287162
29318182
18653163
90982169
62382264
99967659
91574897
95695219
9380475
87114473
6734156
70182932
65333771
9123383
84377354
38012070
33345737
13122315
34509420
97772037
19109047
88380442
81701272
49702924
93568134
22124484
50511376
63886650
75895666
13393745
64870621
89508723
51458283
96041427
3544015
62604850
60737180
80388523
41348985
63020461
98142023
10923494
49793551
70071276
51260738
8903964
41623252
1666314
92821330
89811426
14023447
18055767
63388103
1467339
88359805
42537429
92201763
84561744
88612774
78375294
37494021
4902009
33991154
54513404
74823754
98745115
25593470
35164467
59152500
68619968
99912431
17933771
32663362
57408811
6285041
85229313
81221873
10046462
57202018
76549435
69289318
62672942
24942135
49285340
66297254
31449879
94638868
62288819
44061713
38881945
55125772
80575942
4751718
2674552
52746227
3417709
19538821
38113530
92748836
33282698
40905860
76396689
77088886
57594396
46505905
16899008
90340527
78975345
50486633
31114321
69707926
34472926
29900709
76491268
27273192
18465124
45989634
21179459
88884592
40140852
25314554
20119849
45887131
20575773
60026553
44123892
13423087
26299507
89427392
22315082
90320592
48448303
70089954
19095522
6490586
41096012
33802706
9681799
42146413
44268429
52043438
76731472
30839498
62442771
34454950
21250713
94750629
91385853
17301127
95358412
86996531
92867742
39124280
71200017
8239347
12270505
69068876
66376550
87774979
64369057
6262725
75385527
46474801
53572828
73875745
19823662
7215878
91509380
76832400
911438
16168160
99517331
19661730
79226635
14913957
82581509
66016161
18683660
11283480
75179507
64469372
62433084
30973132
67611651
7270311
72072965
31218511
97267020
93095844
62169410
22164359
85996210
84157865
54597969
30304886
14160668
15325715
69214440
20857041
90613076
48057655
88309745
62522935
36869034
21512618
40369555
57915977
60504876
79459990
16694505
40837485
11505152
46916985
16670493
14098578
23465825
75383480
23951318
59706503
62463822
48122936
27885193
17802382
62153483
33561599
70634618
5209628
59864507
86960735
95812745
48402984
43715959
28970511
9838318
34122223
19072481
75428694
69945328
92294369
71321954
69325714
77188997
10172507
47120699
44800318
45165914
51698703
22466604
92518002
29126480
90478846
68276990
1447881
82505241
48312898
3106350
15787698
43026265
83676597
51108384
27229454
66450816
8859328
26398747
33207738
31349136
37923462
81587591
11439391
19353134
72032845
64176956
67872817
27949870
47874117
50757752
29673137
43346432
52089415
62558919
51958238
95821065
89561497
76312008
23699683
77639011
90457387
22421214
31355484
21051779
43746299
34743533
84682694
69491541
30117841
60216550
74342561
1169305
75745548
32794507
67763201
50061501
98305428
17623498
74651342
47249033
38767860
79452023
8912082
56393944
49461932
51609802
68460056
2186227
9870329
58585748
26770081
8393725
71527874
32971874
28089761
4348629
77459022
12330875
43898522
26538064
57308202
14865847
55610336
52080495
19733573
26179479
39932101
81918488
95071967
35032960
12049961
94105018
55844701
58106479
72547356
16608220
42923066
10215165
26715341
83753687
51689820
72683019
35048171
87105332
13482767
45793193
86864544
49431800
27178966
72185658
70394758
38666782
84751399
94038242
76681118
58369836
47595929
56873325
32271616
88138095
39691762
34560047
6764755
99820573
65559689
31841083
6967596
55544383
66061664
8717723
54851588
15649943
53912550
21961661
44013273
60113703
98815252
35593552
75281734
21860137
94544104
62024742
57158405
89182936
11131451
77545145
28974599
86209828
19469453
15553334
40209154
46147535
35098006
93407294
59354438
3297499
43077427
26292418
37472687
65150204
83052374
78207598
81775689
38141785
2058473
11441535
35089645
22931772
68622394
67142345
66525240
75765634
74051356
92181670
29710893
33482925
58702279
16334596
92606739
99764132
27102805
32910091
13530668
17939483
98473536
65941881
93275407
93623666
65753512
60734051
68706798
98394434
72580740
79803936
41048748
34816940
30248549
9451100
1198971
66962496
87399863
11337828
10412943
84999233
7055875
48454001
13109696
82522671
84799262
95481744
62886877
58998830
40009976
46575381
77957188
82619584
74985764
19248332
21875704
14610893
67949186
36803046
87591912
14923571
51131461
14349887
49512524
28669702
41737840
86762388
67728052
19975548
61355431
92701754
31873617
53648115
14547116
26282784
24322761
92185265
26374197
82490972
21691558
45675327
4219389
76695651
77153768
81076852
68121016
15055724
90071263
52242775
32329759
25646334
55403072
21341425
84082305
62305092
97099080
59729140
27936874
47985510
84826912
41925700
18604697
67721976
99217415
84262361
24265733
5072200
20146653
60747749
7469487
43689415
98870655
69324177
32096914
25924224
81531412
87826117
53753968
94171928
50799502
58421427
30566999
40485282
65492775
59055837
50721861
47268413
42858179
40746734
3332379
5534278
92219960
96001107
10688994
86636751
28512656
7056448
18109931
30973642
1561396
48302831
48641355
2031161
38925934
241609
13114993
1347834
357536
43759044
66934794
82137330
44090087
59587063
67641537
34099868
79501239
50073526
97069340
94543798
96109561
92324295
66415396
48218770
80814385
58542574
350564
85194566
52350763
26063919
18747991
97268419
56539135
4810097
72721229
64957185
14074538
43391457
72434042
73727239
80508085
13868929
64232977
17266523
53761989
26060273
49503754
97686848
32014415
22773499
97806586
21198439
52953240
98849149
37876192
96853742
18155579
8383346
22388934
64025843
518193
9343513
91428414
9241835
61736003
52818245
67594209
90280391
62299743
44706390
70438511
36607900
4124123
40253167
48109401
50691474
10680190
91138076
67306746
60186756
33796778
30158254
10259029
24697245
28346605
62114202
90389661
48106622
90556336
54468909
15725176
34189699
26503302
75359153
74999594
90200973
8762388
28847678
84047469
85390019
15828238
69591203
21761400
52023695
43229306
62263728
58170285
96157826
63715769
15838912
57730982
50613727
96786196
53395422
32804648
87993795
34658780
1083224
89761576
53966273
25040988
13413572
17516444
67038529
47618973
86314938
38579190
12139764
75960709
10769258
74805667
49319378
9578703
27015086
70586835
38579316
82754157
88200742
89253259
90904120
98196313
60026603
76204545
77964682
22244422
61050220
9284740
28083946
70999752
51838980
46017107
6113538
88548721
95925989
3268784
36517119
63815675
4732186
85535293
40615119
76174781
5560005
99866314
37930363
29297474
34678618
80376353
52297673
25717775
6961284
89233629
69010663
66119538
97689273
27577948
79615540
85189317
59044918
77507222
33363575
27679571
23400231
84152424
76100753
64650541
64555390
33917408
61558405
33627581
57793946
81801368
34394868
21949935
63495018
44111738
24015074
10461407
86013070
23764133
6259528
16935954
110569
90229633
54480118
70610224
2938690
26283125
13396156
90346776
90593892
5007544
76009996
22423121
87228396
96054832
44519565
83718082
7065264
85171357
9565719
1226990
7436636
2949153
44128464
70373239
1462083
78655911
29191083
63389793
61089511
12450798
20602099
71712295
35042053
52892525
55216923
61779175
94905152
13479877
55966631
15942606
1195370
65365854
74775579
28731060
27679793
51388304
62025735
61140854
22950558
98054570
54217666
54085547
94452727
78311645
63998555
29393243
71234971
12605015
85774789
93913991
85030333
98402461
20274178
92364530
40209479
27188960
36187546
1785398
87373358
54308419
66502830
7956624
97352925
14616073
23002738
58080952
66511219
22113490
29557817
90870821
72504677
75766230
47096964
88945833
68987891
25858048
28958353
3479943
47184483
99216871
96874725
93630408
76503355
22734039
21889818
92746251
43656320
19948890
55863692
26437475
38848379
5364224
42995736
90174697
29336157
70099747
377419
40158129
18416647
60345302
38375957
12952815
90990250
59988100
73707490
76902522
28765701
57958051
37763102
20873764
80968537
63851349
18738624
418980
15584879
19885966
53361455
23237087
34013979
51607834
82119338
52792572
27052748
76221851
3022081
81080183
38501606
35323173
91423213
52196630
38379807
58367259
39314087
47661035
54802253
24019461
52600829
41686996
26273328
31516044
99112332
75130651
27909923
13617047
56141995
99672067
66870832
17243403
97935767
34401678
24077503
49864420
51053823
73562207
51142468
76154346
53044348
7144704
481381
72071611
97124817
14534722
54338351
71377779
21329649
664931
19876529
55565476
16611876
67745606
1859137
51868053
83946969
46854252
73353763
94185423
93710919
38983495
8476637
9871110
94853144
50071861
61948913
58477958
49741560
28769179
4084775
73793586
25816830
50424677
99945379
48247611
99124393
43939827
7275081
66955456
60596013
56229979
71123622
96342133
5649851
59980826
32136462
57724855
74759184
36358798
14413032
77249874
6577188
45534031
45028035
26297541
14601345
17253615
16786243
27259717
92944326
11281660
47117879
95953076
78936825
13175077
44718844
41223812
81329747
72139076
99670746
46580154
18889898
32799114
78810760
50735652
25353429
53968839
53316283
6072243
37245260
53754213
82580681
16952619
56482325
86980557
80261814
95030937
80566625
52128152
91709602
64438808
4757909
85170847
11428200
45742577
78559512
83929364
31727216
74432405
65416898
4181699
68633602
55125664
28189478
48045105
98507997
38963301
99920835
79077953
48902827
47768562
6465775
1727265
89837381
48777485
72139333
95150063
14703287
47110850
76334029
32171642
7926797
27725925
16567416
89494696
39682390
28946396
56175085
79143690
25224349
1420635
76042088
96436994
49949730
18515646
37796243
67965860
31060646
52980508
80766589
79036871
7165206
45802886
13447063
6172285
58534761
37565476
88049589
19300875
9080310
9465406
26808474
45062585
89332869
53455064
73828970
25390692
21914986
99564046
40134562
10750296
49594280
90376348
82866767
7894694
93301334
74312341
11917336
46222668
26446919
11135553
61917974
8388832
75080746
10493269
62134527
54406853
74827472
88387944
69841304
43777121
54412676
61642140
88888651
2805203
94877574
76858708
99715604
2457866
11882169
29832029
68922698
91965521
75280263
90365890
4009339
90125503
57241279
3303749
48830836
32398053
49847106
69332563
7647117
1710500
95185949
66399318
83683960
85790906
17740394
50983653
78294740
44345625
74276875
48141664
51885710
87350984
57762370
35927917
49683789
89205192
32396112
54004471
59879539
69762686
93270837
99624789
37458933
13592404
41521431
31419812
91197330
983906
86765364
96340298
57715523
68780172
8335906
11856846
63945573
71215466
49106929
61529636
80149107
82500711
45067526
34802512
78683329
65528727
1307208
28959229
87374506
71661368
99288190
23903916
11633565
65437057
99710355
43736977
14152173
78159753
56255822
18406577
99734001
73033941
66193563
39705821
92937540
70236506
26561816
9312351
10995634
38851680
62507689
42981234
36933917
6991315
90800032
42618838
84272546
77671377
85222543
63341534
3394199
1062727
95134347
24212063
43493541
60321525
63112755
70108167
82604112
581818
88026686
66215270
8141418
15279916
78495841
96189940
64891568
22914348
30735504
31006060
68685758
25587655
6966443
59508558
2317770
51843701
68294810
38136096
87236866
72765640
75163393
6955737
42479426
73506403
20089332
82412995
82814243
69213760
39817581
54201663
13976657
10229876
59489931
53822839
60536133
75712275
42515152
10590059
76242836
46574754
35346946
15707735
80810742
72404830
98184156
93341994
16830597
81403475
25961240
98899301
51887605
73007755
95903564
33900442
48222072
826894
80832968
42913376
85544541
38631558
6910148
98726484
4258985
62237641
45800020
42123360
44272233
34307877
73463535
70012694
17639082
23393046
62377796
50670911
24539722
17201245
56736113
44173087
35621995
50982976
55842739
73046903
37323334
92280549
96299801
11678549
79238456
71071825
42304077
74488621
58314857
54148954
80095964
12993445
53161802
25214210
913259
75802018
40045162
85512801
98120059
7002638
62340940
51137995
20950240
63895372
44226362
74472543
54322218
50816688
83035022
5387703
84872426
54389007
97093149
42254662
9264530
14904036
7468021
24360822
2814463
65389786
42843480
47132991
99472274
96465310
79033980
42889313
81475176
17782679
23648928
3784790
83150679
3686837
10449186
17852843
26984549
55372849
95697304
11823243
56213108
42642676
15996731
41105843
60182107
51364378
1965455
80288573
78925698
78357450
80801681
22145789
72823802
33021416
28249176
95506378
37866599
54979113
74421475
46453466
44199950
55933260
80145715
75327126
44893021
90842921
44725162
77095459
17238392
52406622
57869087
5229571
91252841
98508469
17110899
84154275
1265352
67168124
21607905
19111611
98521128
91083615
60693554
68156106
51353325
98888748
97186648
68339727
85387408
27339646
81708956
39350775
51943431
75189806
38942739
12809843
13993595
48653897
79986648
91361094
96067108
72336286
121986
56567414
87316622
90560916
86485883
10070033
8869146
25898328
43482723
58711391
15032248
21009923
29159529
4495198
86898331
27883107
1886409
17796563
98445630
16578066
23599914
17147098
71548919
61821857
10332522
15714916
19005953
6998221
88397149
2823855
93603678
75965367
68865325
10716396
75645781
95238172
60303508
83258676
26051183
78740718
32864891
11493970
87324228
42026371
75183013
10679603
60917313
92421604
14098212
71201632
96529937
31801974
94563808
43175413
54779577
59196592
86976547
12098506
75815680
33738199
15438987
22692814
70798472
93613399
44577537
21485173
96665613
67141640
28650253
76534654
66699371
75701001
70578795
13881188
31884292
53329919
52887842
38331311
49727820
81936480
19194598
73686166
7600279
22144073
48218529
38629691
1425521
92678311
26727985
15313724
93051667
56007037
14362678
78217726
43796380
19221121
67779335
79403105
45234737
57708204
11485080
71625077
98195109
30347964
25271594
7381221
88513643
70817460
20486580
61455745
98537402
7379936
65736970
67391162
83323684
58678085
49114432
9071474
14301767
17602359
38038557
31907994
62527326
18753479
79049862
51667645
92463292
86146320
83830285
95620396
51248008
8228530
7195553
62429777
22695699
14123610
1244924
61122426
18449924
79042671
75757788
11896067
19106716
17915817
69194053
2936091
26838753
86678173
26454525
32116565
37653055
11551061
50509484
57783973
10187653
67316584
49297738
9490970
44621029
34807344
20623715
22853586
49870570
69306608
59147977
78709246
12172268
49551169
57544876
22819328
40505435
84097516
64132830
30628976
1194736
88222584
20456085
2080706
40422215
88688124
10800347
36202313
25358865
79372618
82167816
86430093
87845267
17259461
91236389
95476396
921985
63394511
19824743
64256605
2795111
83463048
13162970
15964410
91270785
51854293
88221491
48082925
86339749
63684492
29371042
10583505
44912753
32292148
93261024
26847318
48997692
21648999
95999360
9257332
78423959
45285466
34632832
38802628
30824605
67039077
6617156
67434482
53919504
95955890
142838
66341464
44742879
84161002
35427126
64526013
81005691
92848790
830047
15933163
36723848
88512781
12472696
37328704
98494595
94227083
43463772
59128949
15118782
62510658
60413602
70807273
55418018
63088223
76509905
59904451
47981415
977578
47069719
63739952
26643000
24597609
83748442
6285695
23848249
93245852
13860918
66885434
86610495
9343036
92216756
14835681
17465360
42319111
25447427
86260977
4338564
68756730
67911554
13832282
72059091
79280888
9130917
5265447
48029255
33573287
72191815
57871661
75776914
19925935
21289899
58841740
51479348
45199654
61941734
23086431
42195285
50256782
73345569
74050407
834716
61660378
22715060
87204091
3076832
73311836
19341498
18631108
77052627
41006044
24912547
59731775
7198069
68830062
99709186
99077517
64221670
26234302
83176586
24632079
72419916
20702976
26715190
31343255
93239957
82002866
29747743
33947167
36339063
32294860
42483561
25435054
8037328
34110732
22633217
3424688
39242598
92826329
27784985
33606590
75170966
14911928
23973337
69012563
42957836
56575672
22013816
38789373
94345827
39263057
83269317
2267475
37011360
22018567
62018291
97886379
70865605
45960710
97334909
82214344
32233328
66178302
10416971
72061322
33293224
91176815
81325885
88352847
81319035
87127884
97376929
73975065
16140216
91981766
38894805
27730835
77654356
63131729
64324760
92048818
42495199
56750780
4328804
33361256
67007926
8956059
90320015
47377032
51591648
98902604
28992476
46661131
31582812
66975855
6671622
93503470
58330792
3601281
63495461
20383381
58270006
18571222
85831721
71829629
49670164
91215090
259349
92007204
36580340
75337016
84208700
10863993
87056864
28160295
90530077
32571872
57652751
36611312
16759914
52356010
33115089
93966926
41315579
40496505
26157369
24977435
73299700
8707278
19208013
32193577
52662307
46282113
82803981
34495410
80752759
22234788
54380254
11387653
14381316
48698182
61590239
10967242
36243405
23608284
23363604
70840902
34977843
12755189
97351606
30849336
32300176
79727522
23092621
974112
95331791
77774789
66391439
96351259
51814491
54733914
13330023
47974251
83558756
32942255
2178790
5243481
26637582
911742
5280884
22261530
18553253
35064260
81443896
20804148
90051964
13185789
78333169
76441820
91245782
21266315
45626536
68766466
62617013
76869204
99800266
41479077
45193096
2725127
4692548
41554932
10844991
8233531
54341870
69862656
35481513
38537652
87807824
85519513
38571529
23190647
48677985
40063551
7567718
77848048
53821268
30445481
54262560
82792610
52471687
98480998
36889050
91924437
89694519
77733412
51262210
48774671
26239710
45104487
53588956
19140358
5522648
78646890
2312211
43391730
86675039
15068045
12407854
78380269
4571509
67902434
64299641
73772786
94506054
60354149
4002963
42341075
69111118
26866749
17045596
28961044
18791543
88007915
29912767
71603189
42945738
57038414
37198826
68115064
94871170
24052780
69230128
40244867
25292331
5543900
24382556
82462963
17656741
36577882
47960453
11157265
78232083
92249679
16050160
17350890
5806937
61636788
82364418
7030768
1028776
59932718
79157887
76767606
28086457
9876532
31468197
55776931
53662225
91838130
62121511
11983437
85877568
86585920
32891597
92547876
6467889
30789962
16388712
66275661
1457117
57264254
17239965
47063766
14083436
73835324
84833857
4855109
81272571
59077173
67525133
75793739
51578288
24042509
93200779
1750491
91231726
6471479
45787552
9751500
17668282
98519157
88584587
7185988
18805378
88046854
6487558
26270860
22567077
48958259
71438615
84902904
42699397
22703959
84865241
7391957
24272606
49671429
79760625
58898527
41521952
13233231
84737385
77998790
13108416
78596707
85071091
8932087
37693421
71869625
96297246
21995471
80818221
28853909
82593945
76413825
23026398
5698801
58856849
32297816
86861183
96281925
8139965
52182095
39239065
39869537
74647313
37898910
29320849
42171220
44643097
80518340
64676050
9669480
56480633
35289032
82771017
70360119
95735417
16575348
98683179
47762685
35814029
62137654
78895529
79216518
13772060
52608637
19766797
14888142
94101135
73499246
33042968
65303470
83160706
22004936
53640330
46510252
86690369
60498977
64291245
32126248
88385587
93430949
84976570
39433935
99032059
5196725
16410263
86716270
47464896
53958262
11827638
45108224
51154729
65567832
69505410
15784654
29630843
172947
65396102
16385103
64911794
37835720
51550919
60335494
56255360
15296596
29163888
11484546
20088081
99575414
4153955
45421739
93628933
92960309
9736701
54664072
90481846
66618147
82016587
60401721
35486462
2298687
32983565
56974864
86501281
2009325
89778749
4436003
12184156
96661294
35642885
29559227
20643960
71800433
62991477
93539741
20011843
16355314
33332396
64468890
60064984
35131309
69175514
41491493
5752141
55340112
74665949
66349635
12380129
9729450
235381
55355782
86340190
52316202
1705931
97087717
94550669
57875088
28822856
62002155
89673464
81838551
84053011
96456007
2218566
76251002
52530896
13776680
5889724
15458198
31075229
18187877
95380784
34806244
77357708
91297924
44723372
73860495
5088692
57941825
96549369
29860192
51252693
77737493
45020081
8040558
63868527
80693153
23314591
91061622
87845052
29973300
9105948
39416523
40214376
18177908
4302388
86807615
39096768
46839530
14001798
34324693
9606255
54226471
45288700
84887087
3614792
59337142
94141605
14604794
60710281
42459205
91279493
76655426
54020359
9258118
88119901
39446000
10456679
66332420
93532069
93367688
25370639
63842296
5511666
96088641
91963796
24021054
77589815
34009313
44248154
40502022
72127895
88440275
43049524
5118604
47008755
58984511
76396574
55983091
26825850
75714147
19885882
15881522
80694121
60018978
52498101
60727351
11763112
45297083
54687599
30310969
95212896
62060875
99019747
34364767
7920627
78516497
83532047
38006572
91422382
51603630
39534971
24684870
26694269
8887073
41885172
82924264
36409264
22322322
87049226
92444898
98925837
33208389
88030659
81762431
44715816
73479233
82646653
14805103
21410694
24802157
27400012
96934873
85694601
28772983
55473074
20957718
82680470
42731295
88480024
86482049
10967375
37886817
18640668
20534225
35623067
6408339
55531421
75643473
55916733
95031931
16327039
61822650
14998099
46955352
58592253
67206447
15740924
27247833
90521242
18765523
5797964
3662420
57295970
12864691
40972045
9897114
13138550
61091979
13020657
52093829
34463695
42408243
57639411
26965634
23007953
4088852
21365354
93872422
11877265
24883049
27441568
92373845
18013482
24085907
14097799
44219442
97828150
40754304
89940855
60114447
45833860
31061120
16341389
55732153
35505056
39923579
37200574
82434066
17479643
29099681
81248921
24668284
4950246
29746940
62254235
98114369
61080941
63830262
54261699
59951002
39747191
54868727
45142853
9754513
84636292
50914969
92735450
24464564
66472920
52866436
94158043
50192626
25541000
3886137
55294930
12310907
55185900
76960962
12562372
34213797
53904905
14134731
47716911
13108049
23488940
69358794
99161874
65238940
63252604
93245005
48268263
92366056
15919815
77812514
48160809
59117319
61115994
79543221
91597437
34169290
74716733
77548165
87981199
1402961
29556635
98965626
66879050
85867390
17547910
79366711
59867808
97235713
82438977
31984972
30023307
21483714
19928362
47685030
62314075
94407509
81495969
62243746
78189634
69041069
9345408
81684729
85135499
96029548
24458648
72201467
6927096
39708839
23162708
35414877
57797978
17660642
78318506
50882455
82841849
30929110
29733841
53137047
66434911
87727000
65819034
74624718
73762527
33555514
50346700
19645975
9938227
29729017
15488763
28644430
11842873
15445530
2452200
26389431
86668550
16698072
77322012
72267030
97469208
3615342
71352107
52599820
74787907
76603118
58844637
66242119
42365548
36772329
32639167
69544672
35435633
7988049
50613447
99608166
73789650
46314550
31048742
20257068
94294061
81649407
6671388
30830727
61691937
52461913
76038805
61296335
8167291
95950259
8334924
55422072
47403682
59450895
8478825
6797811
83825690
81180965
17367299
52343078
38927370
17193513
88733268
68095290
96654224
76881123
72668725
73429941
39709048
65992468
91572874
8460405
3782257
69968829
49738005
76169004
56595919
86089396
21338502
13166438
69217090
5608794
28566333
38857697
31184127
34896525
21456325
79302530
10788558
22264545
12267623
89207002
97785226
8339116
91060053
53910015
45932982
21692345
83874892
51174733
70299749
50478968
97566420
27698383
98837797
67700503
55142601
41152275
98485158
30048658
53537092
37851802
41601656
61955166
18612295
96913691
94310360
42945417
82574075
92130167
85091623
92183260
62867632
88950336
39783979
95371706
30157892
71887436
25771375
97250251
13641060
3666027
77470350
21629153
65016957
40121064
63078503
18938347
59004510
29300306
15037255
9083498
54094331
80208920
13315476
408144
38686432
6205744
11562454
76166826
19639806
72642464
38249326
67742251
39947683
27913212
64374374
98067841
25597541
54078419
45704091
97370828
97467806
35484163
54375849
91125174
35934044
73963248
16453460
59470128
19683605
99964563
59709353
67072708
20473162
93485288
2595572
17729034
28375829
25423824
98020823
68996578
29385709
23702587
20869304
41488544
9506001
30006267
59158813
41590976
5544423
48153802
33859047
38196996
62097753
51619141
36448818
64608388
41427246
35649377
85555885
56582997
18345823
65874779
61597379
2823311
59418457
41800803
91758040
87522366
53674244
70145421
4541457
66865686
74448662
20666431
26463405
19787339
92015171
4273148
12050295
99442107
49347504
3238367
5936270
54864896
87600545
96485684
40256961
91909352
59012685
96988422
50377516
64147910
14216309
51405147
38576096
18133897
948772
74928778
49459754
45179775
64357970
42501297
54344617
58208859
34271193
19893944
54595389
42609783
39652623
37770715
34048781
96294110
54902040
1847811
85974792
62059413
80959139
97905451
25171344
19933709
99000496
68022370
64812656
91713458
63357044
25376461
61188257
39974226
66302459
89235856
21204559
19197410
31316817
94090419
20502907
73361533
51602518
78982179
18968093
83991412
30972497
79481907
67155914
24695078
37610312
50601139
96715179
14420752
14048153
61313981
80000201
32870017
62181947
6779240
879221
86599084
10937214
46722731
95780478
32981479
33844900
23464180
94371248
51694917
6253558
45705935
30689590
63035547
35052971
53910728
30286006
95420232
52126461
28265423
52198954
56663712
5306589
21520076
12605063
70106400
71088491
83565530
52212918
37045003
6506352
67276595
98775013
52047597
14797810
23576819
68074776
5244767
62102523
74165524
64137870
83531513
62111170
93122526
85633774
32660590
24261388
8784708
11960341
87756111
57802424
47736153
14279913
71477273
87480100
73121843
34975713
80313103
20121788
13104204
45240706
43645788
94555750
18016177
60319103
44620940
70117113
47322543
58274515
3870240
50605583
1469378
14801743
12834071
12254238
21532459
58558062
75303296
13542738
89964287
4967261
7878879
59125835
70470152
76125964
5276715
48410480
93707106
30429384
68941315
17842651
93907691
39480743
39459147
37334382
71665197
54699461
64457713
60053383
39599352
81274276
71317618
93152021
12305309
67048135
14299321
65853341
99264634
24543406
33698492
46469386
34592202
36616115
26610367
15918067
72212683
31292915
96722363
27608927
30913690
43839668
74939379
18570163
74106589
4287541
82045741
70401484
24040536
26420876
64896362
54673153
53227031
86573883
6970656
64221864
98210845
13992903
25236360
24872493
34815574
42059908
51846609
53264730
81059953
40065178
8301783
40404414
33849244
6911743
20330259
341215
37317058
57154015
66749336
62098205
91279150
19887290
64919290
80506688
38344135
61457966
85984082
13113790
12971650
13337
79471691
36515292
33907125
25943310
80929263
12218300
18767154
31788689
87599371
60200754
10154058
63553090
14174289
56031632
28895831
89004481
69474755
89231709
80954805
42093970
90626419
23724613
33363357
18840178
29827374
57046382
86226769
70050463
21952062
79367222
41680744
12043114
10688371
46028119
34351131
26035636
1373175
84926308
42491840
69606626
88892350
13745574
82599377
99906165
74697397
87256732
48487506
90713159
62613060
14996821
80037335
74823925
73329396
15322623
80991529
20072983
62368362
38969469
37885385
10525388
518204
54863717
71476171
37762297
99179781
22682558
25877025
2971673
22812427
63987615
5519597
72775410
80007588
34600452
9966169
35020678
46008722
10219645
30063043
81844487
82707845
80428784
40509652
24742996
48673443
96565189
83625740
38231
7206300
89712525
84865036
53786086
47131436
16652691
91849470
25491977
17971202
80630019
67768453
36129718
59075580
74105908
95145495
30929400
12591125
54599255
97223767
15792689
99602500
56052134
76200889
40348115
36788508
6653579
36337920
91409282
87230743
69155894
69038043
77700144
52498090
76505002
49727737
70306450
75529262
52809419
92047057
14736492
78002255
43478353
61528854
79786892
29087356
85717149
71092513
189162
52692674
90974203
25363764
30205029
47617809
42158741
92582272
44617172
76006165
72577219
11970982
91845330
58247647
12923377
81774386
33628280
57652401
41830636
64583371
4521331
95368525
90878695
98110015
79220272
23475753
59913237
85218236
85163436
75496214
15422350
10126679
761430
48242873
18267290
8147007
34854624
85250576
84648843
18145027
58135308
10791740
72766588
97034086
97235287
62362817
84231937
67831221
22782161
89218010
69052744
41719239
47268482
30395135
28074908
73226708
66656693
66850353
1784880
173845
14856036
74862955
6892115
19300030
69844322
69819575
7254760
66263569
903459
81092660
79480852
73064425
84837845
44404567
56860824
91462904
67565525
48277979
4005265
97091223
86436023
34790412
283497
4585652
92123556
10113663
42524643
54276499
21720109
47453123
71151070
96501055
22861828
74563183
42922309
57866361
39728983
37262675
20344444
60375291
4851598
85064499
78316291
84388167
24502398
14332031
91954066
39007847
78575956
18100005
29864606
15545188
33815475
9198134
51582034
81820660
55447935
29975836
1265959
61552103
52866604
52145272
89612405
51776117
40875430
24551747
38700543
61928929
25627215
11869850
4024436
63634804
62323683
13213510
47593346
27837318
98162103
96973906
87198847
60777642
92758817
16857596
79432734
65421980
4255632
78913688
63222693
16824581
115276
39941775
35351725
96559608
31795960
17899096
96807306
5780542
90382183
61117425
5775026
86514955
68929647
47928579
58261261
31927611
14828533
65840183
92457590
84319723
46902189
16239606
66951201
90285957
36784545
98377102
80496230
5138235
69706102
80680803
99215681
27338985
89572002
7465792
45046410
97893214
34865488
59192705
63115350
757437
18455163
48238490
90991239
82949251
71284026
25335760
165026
3491209
99101748
69407278
48170212
78521071
18222931
38014661
4221275
81270340
40460538
48085150
72526645
93182964
14462968
2196702
46589976
61527471
45060889
92870050
8204477
48800401
50129117
21905708
46660591
23641880
5300306
60689580
76718606
37806732
91257508
33380403
12139774
27168044
21853959
60012429
26175558
34984092
71877070
15703354
5413158
53688406
12849898
68538308
9893779
94414501
76194659
36772148
57960883
81157264
76448670
37345561
69633735
33855559
72751236
26025092
21606990
98734205
84499044
38304749
73222600
71528743
73405653
90726173
68865327
43610184
12564557
11127670
83497180
33385580
89397372
73796151
76688377
48365670
72017641
56946469
42850459
81576895
90051811
65902799
47514896
93255959
49099964
41672404
66327533
10188903
63490296
8457305
23330073
1922595
45598865
9144851
91483183
26080249
73992706
61566942
39267613
71218113
68975244
32450783
70534552
12457355
37132990
49870408
78476562
24524233
50219412
11599862
55876029
76554561
33840249
20590752
42685521
13049276
31427056
21089030
31032523
49946358
3319273
49711987
21284414
61475109
63562200
33646836
51566548
97450567
10459459
92977598
70557976
76408622
76641401
68875866
40387366
83375834
51520008
78142719
27322969
80832571
58849979
31160989
1296051
29134015
33625792
10393541
37509399
58024792
60114924
34169312
94737486
21094094
12789086
11685842
1417406
37328241
8342874
45730379
63275468
55905216
9269448
28315453
63607270
96579611
24690454
19962850
56204840
97144504
57358549
59299872
44644743
45454377
18261308
6132544
71599125
6957599
49146430
18807092
9444117
66730562
21711764
61271446
4163765
64373574
76045698
15117093
92266136
81842387
90876548
90693520
32170921
99509522
91264613
51239199
56337404
76462882
23113672
57704019
66408625
53384402
98931820
78288528
21965075
37120725
4380407
63211548
15560082
79340915
57514186
81449809
56071303
24572514
46432161
98417973
93787733
18198279
12328026
41348849
38322265
80250519
133463
92063540
71562343
29636279
79276688
85071982
58645918
10049094
42199322
56431612
83769979
6591715
58340976
47765235
92150572
82715292
22895315
63900327
76640679
21350481
74629714
58039081
37207178
25715183
57084999
99060196
43477159
15755718
99057320
98573728
39306648
89596161
16953825
54795801
87537063
16387494
54485092
26396084
95747175
62351476
24169791
57775249
3362500
61928648
18839406
60490759
88958855
74699271
5578760
23712974
689753
33440643
66810539
58374912
74090856
93129924
69075641
3124685
15310337
31678022
26007619
50912416
14281186
31285172
48420176
30645704
30471459
3358752
23091654
22037836
66126093
70770504
89035807
89553111
71322861
39224564
71155465
39742045
73878365
21961654
65313108
25075289
43005191
79094719
69626267
5527586
82335091
42305327
95038457
49717298
99598453
38508518
7918292
46626936
51329410
48359906
77329786
73968478
77362820
16797449
92445286
92062548
93020877
77610237
4474418
42521811
5432285
40650318
38668265
48955210
10301845
50110427
84667980
80722631
8485090
94031274
25079501
97274171
25714628
33365857
84417876
19266533
62276088
46578289
89112480
36237348
73689706
36794845
61728338
1184101
60087810
38366713
39883188
71300797
77075063
3287102
42964240
23276272
93675742
3370147
28253069
38277904
73377842
62018992
75599100
39758112
72653964
10712049
29396276
50712129
95386642
49583548
82001282
24837911
74031767
94721765
16283134
13538144
75183993
78691104
91442950
64640812
63555724
29615297
56615172
5023203
50460219
95009661
78277968
67899384
88501216
58859961
56539567
45575073
14480625
28369998
9152732
38291293
91148958
35465421
75833637
27858916
5996331
76360232
28634409
41971148
11232803
93828306
6044209
7636104
68733293
78565263
25691276
4887519
66730554
28539831
61995118
73533102
41799209
63764355
73345898
31391553
45731994
42636422
12474177
67086549
15380339
32617623
43217828
13406231
84965099
42366056
16932944
73116738
46812667
95866199
27931383
5804380
72574607
51846425
8516983
38393557
67812275
97268691
89578994
18151325
88139570
57076618
48549551
96113345
33059271
82635524
55575365
9239086
37589034
71341102
83916874
2906363
51041959
87708341
12769942
76483510
34242193
78929611
12169857
4827029
66896899
35412209
80330493
56804457
7141074
10688490
11748241
12970149
97461167
37976468
62013810
67256520
13206855
82734884
27504152
12624890
84510410
23340649
6914197
83817568
73736156
70613560
85543871
30816895
23141096
80407170
61622020
58087126
71962899
83792759
55378301
22532179
65258360
59280791
51793919
18780769
35371578
92092913
615343
35209536
11161178
15598308
74724074
3605124
65853306
47265875
89731838
11207907
5133477
59914353
94758655
76075943
42171978
71310051
91330432
72157108
36034751
64711347
21247915
75907391
3827144
46354740
80349238
80397315
69010246
75375053
26887713
74509045
17372873
58990794
24862341
45276525
89295311
99723170
87411967
56744525
1872913
11275190
43676875
64234387
67625739
30628045
73504487
42059112
42144425
20439273
99222526
93139767
12922100
20861479
997954
55522550
42200371
3949324
37069222
8366866
13422535
16921953
13039357
26757924
18752579
49175365
13367571
72842283
61791028
48082878
76688688
41036048
94495829
43432373
46457308
89465135
83610631
40217846
88217676
77808677
74451097
37966151
66580670
44713251
42746548
25380844
15203842
32999934
81227065
63236632
67539589
10591735
72541775
60946691
97175330
10069064
96452645
83812289
32460693
39014363
8427258
38961589
82849045
8461916
69104215
61243574
22531080
55020117
49464852
25821847
69942274
42954411
96785636
10173803
30373982
32461599
37420617
86797692
59734902
34354399
38886718
31278052
44323882
79727826
67647006
75860155
67980017
99503998
78851004
17404261
28714732
40528873
31544203
50908099
28775496
50502597
96917074
91885346
85758346
40435859
73293691
13840820
39437426
49422842
37457132
39694720
52935407
94975347
76988881
97371769
67319337
19562853
28117381
26675744
54731685
74590274
2658366
66465047
25650642
1833623
87569554
21927619
44980741
96660808
76394511
46698738
57545036
65141219
9555794
30203642
84507095
87179972
34873422
71272522
23276005
47024739
46656846
91733695
35136005
13552002
22931474
6531362
34024100
32734891
82774433
48175643
4827530
70847127
2343119
40818940
75863060
35132137
14029293
1152796
54659688
71432701
64862757
78513537
96297643
42828022
32196469
81848180
57782417
60536489
53078226
69442074
94310946
66339170
97151765
65653106
86881729
84112503
22679766
92132035
23619086
88315447
63261567
65721751
15608553
30235844
39178216
15126490
30221227
63673764
4698289
99320088
33571990
70906868
9031379
24517814
79098076
51244917
79118195
90948769
51544692
82788371
43362639
77161909
39576641
42540924
84850444
81994055
64812767
84473100
71633367
96172569
77809065
43777328
39912384
66369712
91981878
73590740
74831177
82826295
86016988
5855578
19262455
91256742
92052117
52195935
99298188
17481829
36609170
94260348
25798458
89059804
49514862
73573419
53411230
65302189
36147953
1534622
54451732
92754476
50818479
92696520
44004582
91754042
41227622
16050055
64419153
22697304
36894769
85822552
602977
33069333
54994673
75028177
4335679
53041191
13924441
38853142
41702804
98554155
51152669
91974318
2883397
15406784
65635745
54012752
15114080
62310268
78441849
89637853
21412681
23312196
78695572
50245724
28336718
58376452
86819417
87601683
80144019
10784820
69560354
99114297
98834984
60451064
9321683
16566702
99562037
25889354
855904
31766986
30137556
37874263
74284098
68230474
53924539
42349953
15365760
87626155
91064571
18810747
81921237
56043325
51615628
62416902
19441611
65441454
88241850
90446052
95233161
11607185
72545335
46007842
46412628
57049450
81634311
32587740
97159607
66623570
39464527
66012919
35557404
74473928
53216442
67947450
52461607
94959312
82532763
76213395
97649406
25660436
23285818
46298719
11788651
11749254
12331718
64408410
96267502
39496560
72991747
68472428
86782014
94447584
97291182
74295348
5336542
75782342
67156684
378322
61003987
61747083
99787925
58082734
24210962
37525690
36776006
40164405
61393689
430502
96385110
50538192
7376906
29963214
62501626
91691732
91399748
34118749
48808522
94644783
67525486
8883667
65262628
28474481
58636626
53171483
82073346
41726684
22037597
2296096
77877697
84999415
35773332
7595485
22514736
98048954
92759485
98511317
17151601
47383638
42370114
99641737
74526717
67342436
10537881
59410550
9207550
75760299
47351135
53784331
14722268
5960189
39360086
87334772
62845362
10827909
27274902
84982698
59003945
93315066
38518583
29821638
52768576
45259466
75659309
3961832
97831680
28093347
4964733
68011534
51726450
36429097
27684277
64462899
9389124
16161361
73084607
75244955
390420
34901400
79837028
55978124
33024090
31863800
64921837
88166124
43593381
74448276
9553098
92543527
87350250
13859920
24552720
84510303
8676235
78389727
54376662
33719925
49752083
19841760
70739455
77800548
96732785
99115236
34186954
68753302
89938894
74652009
47810591
3125261
56812884
66908533
96945656
69600969
67715183
64982069
42170191
53095839
18984412
35801864
68714791
92405328
53552768
84713468
73115444
11698978
43819723
13801596
65409824
5119931
32118166
64722822
43852258
58652517
2113811
44420244
35766390
52906246
93256575
53635144
33042628
94786590
80733615
19590939
29842121
57871383
71380753
15552573
78798572
69634179
55130982
77047717
15616034
53161439
21399219
46667376
89741819
16629324
79816387
64449869
57527794
87581895
68035110
53924217
16671626
48414339
99304705
46174981
56953141
32694275
92045714
41875193
68655527
71945600
26130767
74152121
21643265
73754942
18719038
78049118
19908377
98394236
22156494
7341457
42764598
75573931
84973720
51138348
78124478
22253567
44372102
72834077
90465621
6137320
50814760
89129597
43978521
21552139
74868203
13509630
48879859
18468140
75926336
93928674
51930739
73062524
59217609
41965108
78114915
23752603
51333685
66013290
35650336
83420881
1413066
32999157
19453278
2921066
34414792
28614005
75645597
90931414
45291566
17037139
66538659
74461468
23651209
38890234
46472435
34432857
75876035
25777331
2015775
25725001
62535329
33627314
35562856
35033719
3104554
70728324
52370751
32268090
55916574
92566260
90130159
48601093
5824846
99463328
58400319
57846357
74760313
84115537
79932238
6807718
74397516
97600635
24911113
43400585
21547933
9902401
99330806
15282707
53568773
41882115
26804321
94080091
40008445
44685121
47960113
84130337
38651991
71879718
59131566
97132715
63512659
19826011
40949439
52809611
55168678
81893381
32951940
82568966
27499308
3644602
94877063
67128321
42279195
60565172
53557061
43303951
71334850
27177895
19105538
11718062
91898576
3179336
33404435
82386822
19624666
71548630
67438603
15870910
1870211
51414657
19189377
34309543
17530225
8464732
92417056
9331478
44627910
56842337
99363848
26500328
55614638
62558061
56928488
9983032
6985208
49881298
91756426
29871989
29047155
94113405
91959941
51722880
27974799
49674841
74393614
76101325
79572872
85570189
1481253
51666065
87491543
45518044
26832922
88960538
66263230
61356306
67669016
72539534
99651531
8189741
94169690
61806192
91246386
21701651
34610736
39509870
19804471
60189045
38640628
25441056
5812862
52599800
58468143
49136203
43760483
68063474
89640058
39927362
97845923
46883305
92010111
28182531
53509802
19076123
77629509
60780107
45718084
95925474
55300289
86971163
78268683
3525493
67225274
88970935
40024566
92655769
31744531
76297086
4360665
43301785
97376246
40967457
91238731
85667714
30843292
96169536
68050828
56576045
46512518
11747319
80715816
64613107
21637336
43978514
22551706
53368614
60310466
98455777
87473697
93086529
18786918
81021228
45486467
28914171
19245181
19627627
15399368
13454426
55015040
65081082
92639872
28103484
39674019
6495515
33265663
34123660
83890599
95954020
31943375
27656980
28619588
42367501
66940564
22554148
25789856
97436190
63259839
4281959
10272988
36461192
99242921
74147082
40034488
80529700
26303101
75344636
83960655
82905458
36581353
9085664
76269716
215502
52217845
36225770
93057407
98422818
75533196
16718053
587218
26966341
86029186
40845683
96672373
24468633
39967336
6423334
38408517
50155488
44954195
30995952
88578341
97879545
47153687
13406551
81349985
27595044
29233201
81210746
18883027
97152848
93439954
89791449
85754658
15991418
62722440
80629824
54984051
26169262
7569020
6600552
35809378
54374601
96446540
45835801
10754865
90062522
87372155
74320762
91799547
54464958
78837757
7336906
60782476
89799239
39411400
17971147
9526961
67668054
27180193
42714421
97447703
80076310
14718196
95898533
55191325
30942769
65086800
56454685
18937866
8027329
54397689
69522775
93402389
96785031
16956314
8392225
68283300
21411950
903126
44943196
8150356
33452205
29033655
41416260
12268118
66643819
67442967
90921676
35195626
80392836
12566981
28219739
39144159
97521266
48658435
41104557
1316202
13597294
43096895
93655077
43570810
34234527
10246926
92973330
91390029
49176116
83894752
8293343
73299037
39885972
59893120
71160423
71661555
69088382
46364114
50673611
2772100
58270997
71398461
50773708
10581036
20552365
35514808
13544187
51683446
5333125
35279313
68893307
63497960
15852575
1925694
78910016
95721319
60155136
91965266
64823111
73414788
72401151
50275192
20688161
68828697
92828288
58688305
91940693
67842132
56654088
35386372
73174470
54866497
57449616
32864012
56161519
29806997
56680504
54329952
1227657
49154192
94134524
52783910
37902574
85158963
33192885
23760834
62651628
93641537
14583680
26389543
35785697
20292347
10187208
6323957
15128780
87664810
15820628
69103132
56582702
20457024
72480891
76117163
77847979
97617246
6281084
65185991
45609487
15439642
66097712
89364470
96616033
41771848
29428593
94219892
55089553
62151432
74715664
70222385
97220913
59143062
45511965
11260208
98238857
75316166
23903662
97566127
39971307
68960001
17832641
15559519
64305144
58014237
37517165
77118884
92506342
63355304
67392851
45891323
2915929
92985489
85980759
852310
24760370
79892125
43494438
16082557
2861648
54673457
83514672
32837843
75054434
94981657
86563532
4533629
66663813
40422846
95821517
71469521
7534547
47951422
23062308
48538337
41737833
80042646
5173162
32418849
72398383
3258082
6773487
69884253
61194693
45464224
83090560
15657664
61606443
26605092
23300142
24158510
46774414
56220220
86602888
62600445
48114991
98344310
59585984
56948390
37718427
3694700
30688694
68532119
69013327
57574941
8112416
14788112
26080428
81367561
26448287
77952175
46569169
13019792
35595652
45041381
51163595
61220341
99828253
81796377
66083446
46309271
41249067
32695451
94204
57403634
33449562
93767719
39971416
517222
83249412
99596546
68237458
15684729
21240933
1011888
77455653
58268454
2415018
66786465
15279205
80769222
65038714
91298137
44470147
10858261
45140594
70912274
1731387
54744961
59913052
9870346
37809618
90771455
16707061
35175953
92726185
14788919
59879209
28244931
94252456
33114130
10974638
31419514
79449759
98882435
17981441
75958861
86242799
30269160
93006523
46140390
38079707
44967158
40001094
27737568
97655297
34311335
79375373
66094745
18025860
79649080
19966420
64399202
74341719
87370409
35594485
67618883
40733885
60192824
34246490
92083156
70910883
1206129
79765952
21308837
1228313
20321781
79216542
76936311
89025170
35829388
17123415
86552151
23692453
23500011
11818113
18152473
86087408
25181326
16114482
30285074
53932857
33805655
33984999
67103304
8888868
16400283
25865237
40359158
80811268
49950065
13177734
83339968
72251141
93063991
74648609
91264943
44716611
78214557
6479445
90086748
92387547
86360830
1078248
83415147
81361400
97060002
23645127
59873922
23686429
21087228
36465162
76907296
58367758
77150553
79322651
27369588
44315638
12657515
48554333
6802978
68971058
95468664
41889237
50041321
67846433
82243943
79828167
88907656
16783637
5108547
61214909
65079366
66880998
92135307
2841809
25366275
81566856
54680594
63280054
37168273
44282164
41632165
79786831
11054765
15123954
72451226
91798844
78357152
81734489
214536
15183468
26557263
94062720
23229816
63189412
53188145
72036614
47220077
42968212
23139843
4048223
43114532
86155158
12766868
32652000
85841160
30053402
53415936
3415992
34489565
30965068
26022715
21350632
25622161
45035390
94250611
99484325
24911380
52762178
19804041
53890413
12109217
77741892
69358528
91234487
12609125
13175086
50445790
73611094
30183580
19016232
18753427
51939557
94682647
65373771
81673811
49324320
50698799
64978925
21517657
87500816
73777347
24723499
83682347
73620433
73566174
27355628
71198237
7222311
59149336
16011338
37947611
12207510
73094284
45811245
22410543
20904394
38244834
83188539
12168033
93137859
828515
13393260
69134574
79048749
30139154
49249185
41379363
828498
82088611
19815479
22873104
48462599
97917350
85017520
35627972
89098767
98952889
63770107
79268781
34766086
32679007
57461996
34750183
46101184
61876128
31667204
40881116
27898340
69077200
9233022
58693695
36243663
93796225
81448074
47800811
12899228
16213129
62635722
78384418
43437907
56882890
27873041
94562693
2479930
66153071
56960870
37136484
71746731
48279620
71699513
71344769
65724568
74869671
21050655
86726924
43888313
31782675
47575147
92443318
90022962
48770680
82518287
96904529
83476057
15055524
8021994
93906770
33023591
19706203
57326727
69564030
5126709
20772741
45076725
38247463
51948466
62483274
41243399
52804223
44119548
76918856
38124620
96579952
27592723
5119178
19563925
39339033
77173190
31072952
37549670
43140325
59049927
65326969
42786161
33705246
20515617
44784998
77674413
87008231
6866392
1146875
55065241
17027825
81179080
30424386
52840724
55929225
60232756
21796062
43972007
34969841
29819013
46895098
83560347
81366015
66238741
90296190
60190086
78636484
73715151
21623093
75022397
61296831
52014600
60513462
18176039
78245528
41816865
58224163
28719647
75370443
46734083
38699123
52630527
36326963
16736344
5782105
23302329
66929162
47200448
67194827
1505065
62030580
75128188
99530657
14408799
6278145
86399917
53787112
53919474
70247120
99767268
34579135
77519969
31415528
91361770
67804014
4620122
57991757
55937614
96662875
30242396
17896827
70988533
68518117
94183337
97500928
29219267
38032249
90676780
56080809
48220145
86711283
71482567
76028978
31443199
24354913
83317497
64267968
44040806
30201000
54141268
15574653
27816433
38259754
55483879
32149238
92072878
63822052
52472830
19384373
93231458
90933545
20951704
14842609
74754402
21040033
24110251
19826307
95806088
79295177
92392121
63384509
39967871
57082593
4586529
29424580
49832294
52560182
86513645
25279532
56361560
45447092
2977016
31502303
22348891
40908521
79419698
46574032
59430089
66173194
69980147
29624457
45445755
49562402
25686888
12560902
37854528
64593731
52396313
65493494
97075361
64124470
68673601
63402991
95687628
33100273
11089541
19223633
66584849
79742699
37969679
10976101
59716375
93523239
86088432
90981332
69761986
51474143
98830458
98002000
48685923
58040189
31229776
32567777
24871523
52688524
25366831
66187112
64442629
50740059
42149670
59963915
67590328
86358056
13565218
22143010
51579974
78187602
30304701
35549401
94438898
63656839
59830075
77461811
92471716
433512
35593479
78882022
75263035
49475934
44416141
64744349
28538344
46793448
16774298
62739967
74328914
40158347
7571731
64729149
86869776
14918320
17437784
32802837
62345179
68744199
23965260
75340530
59156301
91573583
16910601
83032195
84235671
7642498
98262545
61209220
32390373
4883775
84516079
78965354
76681479
62252948
61333059
39183815
83303646
82585702
29062594
51768376
2062723
91456065
34318104
67109702
80623124
16038356
41234698
3559441
78347134
49725238
84861737
15610631
40293361
30827241
19447483
64685033
36713542
40136914
95978780
11609693
78404397
66960269
39998478
2416865
62696284
4720688
75611114
56671364
21724766
17423105
1717132
78056935
98652551
87811238
98627930
17927427
23300134
67992062
79140872
83297062
56248073
1125544
48077644
79496769
7410937
49966884
7493010
59756850
55153872
4577699
80326793
80518428
31824907
39275710
76550623
44925890
16676986
61975921
52004563
80034100
60657485
91819773
50109519
46047749
21833547
14087326
93991711
93215013
69570968
35714785
67640037
19773386
81444012
10279370
10333896
50931142
9372442
96688443
66472445
71059240
54869627
90408411
7365706
87210626
59008636
10854762
12385329
50155427
33873598
11903147
26544772
86670459
6222997
18458365
54527041
69582861
91775674
91982357
81551963
68116433
93160308
87560693
17433893
64666147
1191277
35523740
44380795
89867007
35751426
47934108
89552125
31052921
82719542
72082108
1072482
80125693
56712289
31618754
86949596
53974319
91855198
16985764
24110608
54487437
81783424
32467209
93069421
3302549
43068478
57079028
16931856
80835204
36396964
99673742
76006264
7823771
60843130
25458756
81308994
68187669
41627542
17052380
97028229
58776740
79314317
91120945
11017
82411575
32728939
93927750
89115287
7703736
52205982
91238399
34431107
7957320
38092776
45139143
77853851
79830297
96996474
93595703
92898746
69897632
67026701
89973444
12695655
95184977
44716128
89971130
16210710
5694567
80384866
49733322
44206731
22938119
74565394
47952727
39081690
77210540
39666193
50998479
43654980
80623572
86043014
48364273
52030124
20041582
91988254
3807960
76686483
20207830
65053889
41221550
62740865
91293361
83074195
27204450
56278101
67264961
90701152
98670051
53622342
94082337
13072199
67021102
68206787
62182414
71517999
797473
52310168
54889239
95068435
75617258
59687889
86127371
72254359
768070
12369962
31477677
37706059
95983133
18209951
89151168
65272859
31545856
25708501
7954022
24455710
25094632
20620696
53596225
98066342
56107738
259748
49199201
60293969
24406641
3137820
76347271
36488375
47913387
73953548
40443672
49075254
15387108
79967989
47498080
93854372
2149267
95930926
63927178
80833853
73806936
917121
1180356
12749559
41855800
65886721
11785374
43945186
45049524
9769301
7898789
93990522
60109311
8402878
45264344
56248226
58832062
9134560
90959042
59877637
75684020
52821781
49236903
2054152
81972584
82121193
44577555
56171501
38427948
34864001
52714774
98293861
27773812
58563226
78619884
16112031
86143737
70877271
52143788
14450847
91480718
93210877
19772367
78495604
45218396
23088131
97271944
62248940
38464279
65092959
53498535
30418692
56097289
97756202
30248504
44125494
18141621
89371427
23333014
52201541
56852390
99539818
43822539
7719372
37968488
29854947
10830191
61132273
6583005
21774278
4596211
42474907
55235446
83513425
99969340
33656122
95861253
57921733
9965489
72053748
89066357
90049711
59800843
93294220
59695285
73047000
32817793
6582275
57316926
70697520
5636557
62710584
6163574
88714450
96749754
54518331
28383001
20315190
1487539
40591991
6559660
63287614
58942354
84157172
12065436
15738595
17333755
8140559
92967051
60515221
22249128
12178058
35758851
95309354
59438280
37488584
46062088
57396497
61300615
68357223
39376355
51038027
80797121
63570686
82386049
23125045
17575473
58900934
18054749
84491563
56445646
28068916
70494063
29468814
27213740
70564512
32166731
50727561
47722818
97077615
48227956
63356223
4791091
34113093
15266473
93059480
45621414
64188562
52490788
78170737
35525174
27664128
34938748
12366885
97451572
81632270
73893276
87832722
50199379
1886588
84671497
42077487
59276680
73804578
93908269
33407068
42136850
81554257
98780515
34995469
23972141
7951588
16522602
9204195
64292515
30567559
19285388
59295947
88796869
40203922
63325307
46224668
85246440
47497962
45871999
19028589
77747875
70206217
49977086
62558700
36329341
63685940
62237229
2266864
18526276
84828933
8560375
43321857
86254414
49449773
53193303
48208907
73596629
32730822
11305286
3652310
83857274
58604754
7162566
61188249
86800699
69715102
99290823
17374227
72500544
16189190
570955
94586084
21892029
89970412
2656170
73472017
572912
56665315
48396124
51557466
98971395
74566047
57957869
57418136
17066349
56333557
50439216
77316441
27950138
56769175
29903391
23980926
18447284
56903415
28671610
69659182
90017413
10878601
4126856
40794565
75350404
65969637
83986615
36237020
49653468
41135007
67473726
96890819
16158693
61285730
79472297
77449758
91302484
45940884
67059311
89850847
65754094
86358435
42789790
18904652
48057192
88458269
41049698
2974738
61177179
36629259
80076488
94370091
90848200
84572671
9722311
74675735
86565686
61138187
55721706
11826829
40157727
61466972
49621154
18476651
63543673
16063358
27826982
74622979
81196473
37198903
16314329
45425218
28661976
7401975
87231082
1434938
73833088
99523133
30331164
81142719
15376269
16526943
7686097
17180199
58951486
70444440
99370378
88074933
35260779
7653782
10909170
50690569
30061951
20079606
62491908
72846356
56168127
66822823
40412591
7845526
71646944
85343699
50293709
22418468
1933030
61874208
21544696
32740096
10230367
53243367
83633310
98394865
61328868
37971777
26729949
74916910
22719807
6183787
69312394
28883993
97637117
18027960
64800525
66116132
76638147
7490577
24774620
42174369
48983938
88865997
36238423
63713234
28065202
54491447
93848033
53070652
17752389
42132949
92276706
81693765
79037056
974302
48543770
37396423
51826118
6385439
25905583
16417928
6502994
42197850
30009847
1771203
81406815
9956487
12178238
93217186
15478336
74146244
95319149
8132003
47561099
37865302
22366729
80284034
11795526
75489014
9640455
26270572
98660696
58588055
6516469
57398324
30486751
2827462
6104970
99952378
23498232
73727934
64672981
97748818
19810489
90240701
90812459
76186430
27945960
37047754
96070319
20665156
36654419
64250051
72085305
94759269
67432869
27202383
17526420
30904700
34268205
82178170
47964185
76246307
73835662
38518782
16824644
22184786
59096139
73302969
80738549
82676024
90697562
50400739
37323250
81231905
14204490
44455224
18461550
20008798
38632995
90606394
12090000
94572922
20427127
1092247
84443264
62158956
91891934
81605896
3534168
36561440
6580619
32672390
37398070
72078822
31355114
70054490
96236382
88047634
61834249
695882
15518568
12793531
31555734
7486975
69289378
72508968
74137199
54590339
67443418
72395551
20493146
32699603
76142345
51903116
2901425
16238370
90763133
61653100
9601346
400091
36155641
45164870
37639962
39046951
99031350
13639593
94757866
65893696
15999906
18848015
8793016
25114882
21021942
31515750
75577659
594425
23206208
9949515
22018139
67936533
36997363
76306020
16369252
19001779
52506535
31056986
82941455
30279737
52881001
31458109
95566212
81041752
67317509
47595635
89635910
53176365
750299
10845717
90978624
16354336
4426422
8345038
58626738
53412638
46726437
22502110
21144117
99063049
16971823
25515954
96160982
80787569
6756377
23281649
5079493
42675049
55817505
62434059
88896561
48442060
83869004
92330781
49629767
91958773
48150067
43070478
17382205
83568130
13428474
59335964
16195510
99542426
23097006
8575166
50743021
34593249
8182489
42444511
61634445
79756646
5429329
1518473
5008061
26828256
23637422
45956753
99088035
71935405
53878354
92593933
388840
88665366
84506239
43105658
20013352
23173585
99594477
78484096
54876472
91856994
74372378
18512065
41539549
82334186
68168190
5735939
14720113
34825781
64908173
83150500
65498761
47517994
1897410
82257963
27946200
36499796
53741394
86655402
35582303
36635343
80862050
19544440
50264464
53855476
6913662
69153860
44037739
72465389
59170439
39724969
2229627
70499402
84720008
38181884
15400606
74180167
19231757
35036208
86752358
71960050
63428610
17417289
32772676
67232764
34491654
79485856
16792748
16682046
66723058
97115032
71572336
45884798
68330558
33713314
36159365
31368456
26028072
21558470
21624736
9396762
17449606
69179889
60493719
55199511
35420807
91527470
77612499
16498226
91328995
10330357
13041149
8633258
79079970
60359125
93177736
49463758
18789786
35386780
53938791
73751765
46628667
88356521
28158212
48749398
60417848
31821508
48601471
27801445
40145975
84356122
89658623
72239609
58193397
41101609
50502902
78958846
60824085
13620093
66286757
46611031
97192858
96268685
93463988
8674354
1530379
44255806
68281618
27935152
59052982
20740127
88705817
76966507
78801902
18091209
37356668
26851990
32223240
69535289
28901592
83486485
70735079
24473824
31860097
88912795
33553935
75267638
40866145
9487917
19793388
39714970
89556812
85523512
61043719
36927628
93827597
60510149
18933278
74149624
70173625
35619975
62393846
31454645
82023940
12911060
64526890
8685264
72940744
64587892
18429790
52570831
10644339
13345008
7301539
2523249
63547352
530911
24302679
90905256
98204893
14362277
81989020
69419118
2297093
20363485
83857842
32698324
68050026
18945284
58036414
18308950
59965091
40693354
42722119
49503810
29304018
38052368
80626365
41795218
57539796
45890626
34255343
64568869
31128041
90468054
5337493
3758420
56945850
30424732
4409809
30403826
86257223
16209724
57641814
75609111
29677358
23343454
78844745
69140694
45827084
44335378
36797925
86528285
10814736
92498195
6949067
95078056
14283311
99780775
36116384
47108878
25244316
71464568
68466522
75931818
76313052
89229514
50287374
99970156
88922938
65032421
49785414
39107776
9113917
22115252
52692239
25050357
78385915
65179599
38108580
34473535
65899107
748821
61973029
450006
48797253
67177773
67984575
10499440
45738788
86899063
79088914
18183506
93576900
41814729
19980204
61762529
98926074
29717717
40732548
96298750
24989397
27251863
48735262
23481983
58488357
64608337
30450181
35937631
85596036
11922665
80824288
1192642
44346080
96896334
13363778
65993612
48345151
13074714
25078940
81268826
10614976
49791639
59248991
70643743
14414915
79585450
86346680
75818426
37008269
5112368
60034694
74018840
12379318
77084739
32502202
64792274
80227159
75454404
54781495
40295850
71091220
20644822
9663123
31955476
76449540
52998853
63533580
23987316
65388031
45311422
89494104
11763200
86152626
481328
74552246
3184221
80587624
52171553
67525750
69529666
47350513
22751070
97085291
48939868
27843810
35507336
50827532
21982346
80491168
54347879
77451111
56345548
55852755
25439870
91585195
22740968
90237585
48316593
32047636
98256548
4556557
27364887
23372957
87495634
74426124
57592629
85133432
80106667
59814198
36358364
97751493
49393402
8542899
82739423
55965723
22744078
23346052
72220341
76041125
20924951
81626688
67964273
8891883
22446929
81871345
25344136
28821415
66283583
98728982
82995429
31519073
6008020
18778133
39588809
16946743
25401987
61997955
78254017
13245450
66109782
98837096
16366306
38903813
13919377
68332059
57692794
90758149
78110655
94109261
96098949
82665819
74694942
55706782
41913220
82201067
33323732
28526232
18408158
68091271
65742588
143552
25566598
78246667
85990710
85226414
46492326
40463287
27454260
53263924
73750171
69315595
16840509
52568836
8329387
50375508
17540259
29428949
97081866
72083126
44059781
75824845
7211625
67356721
15329723
55423576
36751237
68138589
29953682
40707020
53916377
64765325
13187644
77880813
7099314
46637256
62975989
96319867
74357722
73913765
10926331
74724155
43745028
4236245
63667820
88225196
16772348
51347202
58616388
35486900
53428710
38192308
52278775
46884276
19892516
31989981
67643956
79576463
32927585
9205174
41723149
76644043
38339284
47239733
28557466
85933315
19584493
92383956
33874805
42019397
42920038
63884177
94083635
15310261
22022767
6637672
54373768
64739613
47546597
54115074
49052969
39655506
95387174
46949018
63349506
2665643
6150143
80168167
88472957
47810438
52360528
49746314
78752134
96681991
82771986
95956692
90902857
4274351
92698608
5859810
39726119
33293470
24885460
28562694
29674189
49600746
70771745
78035759
16790464
17592032
69193141
28721720
92534630
88097872
60349630
91516934
10809779
64874151
4440817
55521954
65571324
54413427
70694414
1635236
77126702
40158808
47007228
31142288
98579697
9149807
62530488
46213861
75569636
63119824
76301237
36373588
65393559
75046073
82142640
19484508
6138677
60032599
30607887
83960506
83143873
82432172
98155657
97296258
24078621
37608738
92111169
80419814
4369109
10679567
3440507
23400239
91657772
98932298
49183048
50243557
90228476
75770667
51977216
40080100
94952149
81940043
80158168
37549757
23467083
73268539
15595228
24098092
99138698
88265825
47804955
38773028
28138499
62609994
89188483
50976454
1494586
12848021
21960580
85929988
51227965
72394032
96852669
42683765
89928557
47442957
39220333
20788462
4907928
96673431
85684
33126426
38679407
36021328
78381432
2184331
95433631
22319565
25393970
3418990
9576538
82976021
79937037
17950128
23035898
56082819
8498805
72955292
95830116
35054329
18185725
81157863
76563340
15475302
44114431
42462435
55575976
87553228
14448364
60871339
86427740
11827860
40193446
1300257
56928768
29564417
57732475
58513513
65117584
1385233
72676917
89759367
42266998
56368522
80205921
22640593
22506232
15803787
11425394
44102842
38116808
49011851
41722620
55782523
19804216
61434584
46253847
25898304
10251739
9956005
65421882
52200026
99058833
24104818
83499559
50367384
36668959
73541251
77469192
44878800
6477010
30431360
5078147
98557265
95193285
71385285
96591007
97914865
58579192
97303854
15323922
37379788
78000448
12497275
66219967
85548466
16065137
31924033
70650064
83816799
65706660
86641449
64283327
78547164
25681866
2748737
17531143
13338277
92220654
74944724
37162967
16697363
39629603
37922280
79871829
73317358
89962793
484049
2181681
79583824
11276786
32198749
49931880
5584284
79328915
36094928
65184327
32244801
19008210
81499096
32100846
58141666
13283847
51632446
73356841
64155095
45348071
45912988
49329371
69789451
66950706
93936878
61024296
35277790
18399839
95958535
29327212
58527635
53039784
88249269
84440982
84799075
80768587
80296531
84813990
91836513
60079917
1280750
88562750
47146631
10183804
60408571
48167155
66450938
43119774
78114857
22215933
5356342
65620256
76399246
31483093
79741732
74467514
74085044
82511797
96433304
72866524
30479151
14456741
58562824
32165079
20730421
20960359
39967549
3818690
16459999
42195802
55937818
92119512
74622272
31236914
44442854
50891595
52547151
65678844
63618688
36702287
66489223
24588895
16204722
56054124
38629116
90511531
58491636
77340539
71678835
61122242
82760678
4074666
97822186
91753501
49735075
37147633
30642423
28059043
98699097
73005970
75755320
39225102
18018077
33200122
15174749
39559728
31737284
4461348
28986107
60134062
30229721
70247315
56320456
72692089
64136622
50285428
41960484
76901624
89236579
46872840
26626167
86457492
88242383
4802281
43824431
18949038
47244728
1281570
11087033
84469054
58486159
78178874
55123267
61346589
12493141
23692938
88267876
28812100
3090247
10395192
35669467
89205674
34122084
24308066
27611763
81198638
57214928
87311094
96558483
45519528
88989650
31008478
31436176
32223882
87546683
19520945
10192660
12729255
95461563
69563749
92679690
21436525
4359303
25088637
99066322
85856054
19189348
47340878
77309099
91563381
65976422
20492320
40887556
75699959
53079391
92291360
76525343
12734595
41896556
19188668
3974692
30875778
89731642
80869697
82803149
72835381
61989577
91898835
82533646
42611883
13031118
76171992
82723662
49914693
62997149
34951436
22577502
43818730
92523466
37569273
58544246
92071604
70691312
32988264
2320733
34932547
84059531
60899276
63818570
96917023
30777439
7146133
58694256
16184101
95805259
40623131
74784770
17330789
41716540
64034765
8545110
64636610
36363054
31505765
50897723
56027889
75830820
91146853
85058587
32715693
44892426
37346352
2983256
76572215
33842953
52733522
63680857
51799217
44768775
42508316
83109218
89426314
45526453
24550384
87563121
60791103
33473253
23557394
64829601
65559158
13235218
31038905
95488478
59421585
89996043
52550261
14132575
8580990
24426694
84607149
24765006
3073141
72702468
39009829
71769512
75766414
11203670
80796307
94510186
46866047
68324228
34538757
53294347
28087311
40550094
40897332
49431559
16316646
26460778
44349650
60472237
30185733
19566254
95010561
50876991
15767915
88668578
14080398
16744752
79054965
46203622
8274144
1069196
48847320
11200127
62439588
40133570
66461535
80022242
533125
8918299
63999184
