64581201
99471648
13453882
17949141
89584348
59387631
17402357
71341365
54460345
59760649
37495250
93956982
23834515
16119
76213747
47094243
35132381
16034703
73818833
75304983
38636537
64916948
12919634
42431569
23136619
68386517
92665805
54367286
49654966
30999754
27691993
62214386
62258635
30895891
34442758
97496631
87412044
28063651
49946264
4526323
48561081
27513609
43063459
42666959
29557266
94721265
18371070
58112104
45060900
62708937
76069450
84202420
26394917
53839368
87099080
10169712
79634652
90781025
80516491
97787393
20861041
68929697
5595245
51869120
56467964
55669383
23502323
50461253
8036440
67227625
56400996
90739893
23723689
94343201
38384072
42529946
88170255
62972463
34300693
15197459
51425173
30872732
77426133
47707584
31215899
31768070
35336749
9162475
90225194
11852691
24510345
69270087
91543327
45917139
87319225
95312866
77445846
68978777
13207710
95154302
81057279
21477466
92331192
61824721
73718287
64137551
74121565
33473332
44085297
47861284
90463093
17085062
18691711
79548828
54321412
85843137
80160441
51868151
84338926
87147984
44508962
78845357
82167347
46062089
13495303
45233497
43080103
53303184
95509733
55649259
13968332
90751222
18269060
25429715
75466659
58388474
71101349
59143945
8762387
6414539
44838992
4686800
42246868
76778134
66421015
8502873
25421290
20346120
54975811
23870943
71813093
93941099
37245910
92198715
79217822
20762961
46634833
64709052
63210208
28205898
75458648
79243931
60476443
90662239
56178377
73879475
50823699
57990172
35985260
47056221
74646105
31418861
86439844
81403693
18906845
91700329
26029708
19842251
68043608
51062913
49796540
51297984
10207839
81891200
45170158
18015021
34917281
86137402
31681654
70074731
86372234
94836235
99369093
60226877
23142857
55650102
35434972
10955269
21944373
30908990
65253994
21911681
43112984
59391908
36718134
78056533
35047236
49294709
44925122
96581530
25526559
88335883
78221776
31555403
62349603
8097624
84983554
49789210
98052633
46310140
98497603
28295342
16576204
35959219
13356870
95728303
17535579
82605453
28140922
65085353
50895474
76487352
74121316
61150345
6907341
79422317
77389568
49968650
36219321
72672413
47332798
63020779
36972919
72887796
56558145
58181841
96583952
71122163
86832660
81391961
85713994
16435271
16521018
81671997
57817112
65829607
82009043
23927886
24279005
39573709
31879950
94674144
16901595
85730409
96740282
12989932
743908
51537502
9657594
63687551
51504605
1692291
81793553
38827686
12926121
65331010
28716513
89919484
68760553
92834861
92740617
6622740
8733980
87539258
41954363
22311785
25657996
30318667
46381053
4166388
22831701
78756655
2255060
51507525
51678372
3666406
61317797
99212784
69018493
35872663
7279192
427681
94126888
60877633
2023283
5537927
44654345
84719541
88941449
76809670
69281905
2147527
69363188
96524669
23061312
71047013
11050572
8088020
99759174
79594440
8387744
83133033
10844908
81171467
8904274
83026678
34616393
56271407
95558961
16065514
18606060
49958489
11060204
81444705
85587973
32990635
57925492
39031401
17013716
22105482
31493813
70660521
56555384
73374816
40131859
17069640
23008766
68416458
59539186
9315569
30071126
72866555
38891929
7998515
79811088
41688195
24261645
39457736
86131655
99583356
29851074
85691641
61327366
93225824
3062078
57592345
99950510
89450263
93416388
7891212
95204632
28356934
2346728
11300399
51043672
36460129
74575177
35476791
10221038
87671122
6792288
9445856
82499598
40718294
24345065
33739485
1748664
71428685
88231950
24987942
39900316
88047781
20507565
86522946
86490393
18043536
13835792
67360783
55425292
46794017
30393842
55596914
79822740
27484284
79222632
91026898
5302935
69289868
1682899
43439111
86592055
78800677
86423385
4369897
48239346
75193292
52820307
38006958
14254390
36751176
21208016
96389450
74384546
28089508
63583661
96560740
33266414
24873844
88310489
80428553
3117132
33254900
97644637
35273648
32264982
29137624
33437636
84345271
76349906
69591078
33219172
80313690
32115179
66243229
2862604
12850256
74062515
42353097
71009158
29214487
90724802
14827401
84021512
82726619
21002138
66796195
60083688
14595256
76545776
70102212
89867174
40719665
40718614
31373498
99009735
34416568
86623678
97457443
91244262
10621613
46005655
82731523
2294295
79651330
65809068
84670940
22259161
97037179
48732853
6267217
57425109
57127287
20997897
97780027
84507412
88650531
86277220
87423690
70664281
18979276
96471989
22238331
91145835
38140904
92371170
43329809
38847916
18414286
73085614
57876840
12119704
3088678
96164276
6821245
50307124
92530276
25584541
52186066
32548652
17765486
36140114
77809788
46218202
20823400
50402163
45341557
49282385
43164607
9610171
66645676
4755471
45635211
3974192
85601056
72573938
31754917
21974322
1409549
14633595
17182765
80372660
96765278
92416165
36353859
73441554
9565528
23417441
7728913
69000233
95751274
10480720
27716979
55981668
25756109
95574829
81158375
19263595
29197459
71595765
36434585
94944608
86548006
98039248
70240343
69083081
2229100
13434128
51947738
71928261
44414412
63475328
45173956
61603080
79412696
81569491
28847931
31411086
60810525
68076060
96346280
34313884
87438040
41470386
51159397
58192506
68125436
60224995
88305588
13897370
45696838
35098942
74282427
88050261
53173080
96171639
87387503
45528628
50614424
75908018
37303379
64736535
99184396
53222578
42013091
87093794
77480118
11303054
81287568
60218088
28467704
35057490
52379228
17989167
18003568
70199958
67438585
10408673
96752755
59449580
38467503
87481823
62805759
52379495
77727738
5069721
36442738
87186329
43205164
19891043
72841316
84775894
71523878
28227803
1239590
12162583
78788541
44665216
34303010
64926937
59092743
83639505
65288842
94773405
78248915
64117610
51764286
80531632
34115472
68980221
87357279
36095278
55694713
66096924
60079941
71646025
87021754
30982403
68388477
41714228
70393777
12451829
77636772
9033948
69436644
12297224
99713518
59046409
43693339
4014422
70833617
59467896
80735690
32123844
56789554
65951265
67145781
25121566
14661515
60472638
79827053
84059831
83559492
89047537
86315939
47985475
71473411
8508364
9065030
88928014
35373474
37891990
96418974
41835000
44124377
34502985
24840246
14810520
29955089
26228988
53248454
99339604
14853646
1511989
27480481
51607567
65932195
23856724
63753524
86306838
5560901
17012059
79089768
57439320
72140825
79523472
90893131
33739940
39389590
7895005
24227068
42718054
27840389
22848381
98707973
80298263
53879830
10497700
51328819
30712338
46131196
48551625
54611950
81143612
82043193
15350715
23359426
68113612
51338462
36839348
83626099
84897366
84418281
78914990
26943112
8954135
55998018
23449746
59055615
93575103
31287821
68743764
66363198
45102559
20141292
11974344
94612257
35659668
5101910
73042857
53930411
24898257
9574683
77397811
51602094
15388460
8600089
70466130
92671265
41235047
29504740
35975343
54854103
46545040
32045911
67149959
38924870
49963047
2412846
48627076
77253222
52385446
4268375
75989784
74106064
76890484
78989194
56374276
86169866
5047051
52571791
15348015
8157783
96565770
83166493
3776964
18115067
63324016
52306584
41016761
4707796
20816618
51916137
71015201
13560122
49561183
73698468
18571761
97230658
67034108
34972464
15806361
33007856
14020038
99446020
26577851
4490597
78393324
52863641
73398620
98235498
12349342
82348404
57060478
19794169
52888348
33794222
34838002
29645125
91254820
76696502
45176156
98508538
73389396
6872218
33516707
65294944
97576555
95245174
68143612
45108365
38458832
67584337
80647417
47911580
17405905
44241856
34309216
66855662
4985176
4480135
49243636
18570090
66590305
64392283
94063368
17032957
94569688
48396465
84657536
25189286
7125542
47044896
18672450
62692979
87724295
19391610
81381391
99334249
24759368
61678765
42878041
62265292
16663547
94610219
64242731
26250964
65378884
43616979
15773424
21524699
12473465
36386111
56023512
79613868
12732403
20678827
63413409
80611705
14949008
73029328
63515754
41967033
56519091
4601492
92734824
38941088
6529754
58123962
29579061
33631240
24260965
80222972
94232741
28177673
42638975
30405684
15152500
40578973
86161383
30586566
29867256
54447527
25194954
56597486
25131871
53032678
48247652
19768139
92423879
57357499
6666121
53627765
72121885
44734462
60119492
89084082
35633948
23788293
67915181
74465723
63318926
72740912
96583864
67279132
47827702
43107480
70043445
79262092
38927143
18152664
97314483
84156233
17132456
29210265
45830497
74708058
57091501
54611609
87985342
50755656
10439497
39773631
68538028
85265659
10502129
47106087
80172113
91209147
98151024
60751120
72697466
3851628
25089097
15259487
85552691
86166941
9226704
41802657
70630089
72637562
95319424
1733495
3981252
13454882
79812995
25614003
43494898
46810813
17963169
95667991
41640578
70846783
35421423
29013686
54714108
15547284
61548703
87984436
36994924
46359424
53840960
82794537
1565947
64218138
70542718
54880126
34078614
50665892
57440307
16462641
33977030
70467773
42475242
42748011
79441136
22660652
33867563
67038109
23923598
59625197
99525524
37152835
53253241
40982155
56717708
73187023
38792871
98462742
30059123
22073446
33737596
95132547
37458230
79109883
70330786
65208074
41024021
30745155
28416476
99733992
30869610
52246842
36323128
77392152
70888730
987468
85126234
16318980
37907282
27228408
23708512
63656252
10169657
6357639
58826199
5290207
7583561
95557822
69399967
98572213
70627999
97672498
77459632
18266090
9964048
68884061
91469481
29194290
37392731
95493536
74456490
89514024
66178774
58341112
48909542
45074044
21346775
96300853
25862217
57227340
35798934
26319617
70630810
16844184
5282321
42504964
15703157
29532131
44495949
83959580
56503229
16060694
21827061
67665518
46496821
64743087
70916643
35820825
5556315
66217383
68697731
64758196
36828715
80436000
21651583
87548517
76271804
47154575
82984411
24818883
75391897
36414086
94250803
14676826
70805071
11373800
70454208
25209955
6639628
29051281
69284909
93354013
33781684
72220545
91037528
17515641
99408430
63835066
61822106
7132700
89931602
56098293
98233241
54449673
49286019
85976990
1255707
97045628
38701985
87280197
27476902
5553245
57404536
86284390
80735511
59681718
47007132
41399780
77608657
91707422
82791416
44341635
53723188
64834196
88262880
4391278
5089183
43644948
62482438
80356159
50609542
39778913
94757587
43751278
94156742
3925934
64839668
88083973
55932501
71093274
3514540
55799261
29079335
74838658
83182469
60413926
55053627
99305329
1928479
65466380
69023980
41672550
43628222
29548029
96661690
79210321
1967331
16193976
67776488
33458831
20193665
6847929
84879856
19038113
88086197
8473819
11624668
11544164
91634984
14553241
77911613
31261178
77963994
18977935
76766314
58515881
69039407
99679517
79904894
43597502
16882210
76689216
6137738
72695249
99179797
93605959
21771424
12570018
92272634
22350164
19661179
25868808
24865371
63867171
64225520
89403068
48785255
34842654
36810347
32797973
39427901
27080572
34513296
81856647
27630220
54626037
33369219
60880389
7624141
73599330
90762172
67777437
41512816
31137751
85094858
95304488
24283418
72352569
15463175
25499404
87579645
88147483
1943102
50970797
19467256
5049216
10625389
1184883
3191588
74537927
21155433
75565697
89371798
86905891
93796683
6669076
1461844
43159632
24835590
1092686
43611118
44638695
1272258
82077227
9759262
3566374
45422191
50047925
72520959
1836103
42959450
78424463
37344942
23400959
28071107
36216353
42712025
35600660
88281638
7543835
97432559
88120797
67267866
42595122
38797887
63101670
68717209
77777724
49116294
96619533
57879858
68060567
1491666
86562570
75592080
15085707
80870289
21637531
67332817
81290458
25268149
52753567
92040686
45573747
88798536
27612147
44206164
44335458
23360468
88742085
92791981
30986664
27712565
46796485
9702681
21007962
85299364
29199547
22589646
93084153
61352742
38514971
52119939
75156196
47967152
64065263
3819466
6213363
35153341
53248809
68587660
10762909
92365486
84303675
52801805
17206569
29185094
16146013
59291153
665091
95429816
35615107
54305118
68497351
92777856
86601437
61207627
88762842
38041819
61868155
14718850
97612295
46925472
78959080
41961732
97683015
61138632
650768
72632021
8003155
65927032
63212238
89449734
18054599
33682342
87646940
99706486
11058438
65748257
43101526
34719657
52260145
66562033
18429513
36590978
24961101
40181243
31088173
68583919
75453417
19450792
55436848
535282
66392751
90285213
75692879
21155831
48628716
29616949
84697865
42083168
5942487
70498512
57785241
43846626
14600773
1068405
73771967
34794046
8089092
24748193
38770792
77533443
55249365
55679167
98650181
44011367
89955972
31438477
45696708
75639139
47183687
43967435
25321615
65679799
67489883
92180146
3828859
43119432
16146314
26082169
66950905
65662115
771984
36385437
89498995
68251135
35659816
93813209
91334363
59300917
98682996
43010086
98798421
78840509
27591442
72167436
99675385
55771318
68261427
81194239
28867471
34117567
97684255
34631296
35766572
44551083
59284413
93198195
35467524
73292927
36048470
67626434
63453669
27780478
74858686
79174220
69557530
78374313
25835408
72449395
69412186
79603064
37742151
34845862
69109384
39705799
3250535
97810732
86115491
57968860
25661548
79264786
72397143
6070281
77791498
23138978
52736415
80100573
93802844
63296838
10478482
88381560
80499379
88834297
24103553
79102803
80878536
85814280
97822032
64445573
73554732
91739756
29322944
32808313
80068030
74695189
28454192
17481929
15581789
97055193
85733530
93028274
36277059
48112659
13633134
12369567
50486276
53851367
25678782
72748624
41532337
14089912
18258471
40018425
48712366
64402119
89391350
6346515
84342426
87770301
79329372
15438352
41881250
89286504
72308137
87254848
68879186
75159148
5850501
43032303
6287655
12014626
10921853
6369230
9115243
18863773
48980338
85459776
37624581
33007113
45878841
17540558
3339858
9029516
43736499
40916778
35313137
82555953
4565510
7363749
18352421
6285153
6997553
77215208
91143277
31964594
1583770
85120961
52617421
81892360
26627369
73976342
91589066
6193321
51814599
92982824
83158316
70297324
55020924
96284618
44171317
98612479
37562382
78561715
50549585
98727711
80766770
82991044
21732641
42186321
30663407
11372610
4340546
55452015
91092750
46981819
5167295
85966516
41374574
83206912
42045458
16955284
87894465
44270752
5950044
39917450
3834635
84023391
35915636
94369281
98736899
16874862
10383837
36587637
68195003
74183525
77008456
84624000
6117812
84082380
53741572
74503936
57732272
64011095
84802545
13752186
606276
47308045
52242464
59814452
91571855
22692337
19709511
73931181
99403210
52897274
45502372
77911578
39028516
59377836
22770438
3396994
8351107
90804872
28070339
78631785
74288616
71066706
50698329
20352547
85594845
76951090
42315997
3440067
89406312
98838422
1009829
58260192
15064614
45872382
82556505
58122980
23198834
35869127
7796811
51601860
86785568
79101020
75487062
78704686
10649587
18494095
30896581
38927129
44087942
28705543
74710336
20371216
47192053
75789221
51513288
71150481
35944007
2545606
99279735
38820829
4636531
70696519
1363658
23959374
75591181
85511535
24379461
90842031
77285620
80624812
23848167
80937545
12928226
71590473
79004859
76940599
2847230
75839579
12120642
81992658
29368512
43095973
47373980
12277685
79339740
60915459
86850732
28247560
71505329
7084210
63417296
2933891
58299773
30387973
46019745
48348860
53044090
33277678
75102596
64184446
66311368
1640077
91704177
36496571
38981982
4513920
49834583
48010458
88015983
28547952
7704158
75175126
64635833
19452249
95871083
11610711
28829000
26136389
53467816
71625177
37122860
78360932
58876582
84017606
89050711
48616549
25441620
76978415
79592016
37612980
10637923
67538387
60773668
11357451
3562064
44800964
33937572
71244076
45338812
24849644
4272096
34734800
59690225
25900207
2580174
19699898
1376228
60662777
33118845
56700494
42340477
83958416
75086611
18883748
53703145
39398342
44188200
62680781
2393118
41050328
95709529
28369335
510775
36700427
66038114
50211827
64342241
94128976
12441126
41605826
53649935
39786925
99427437
49560770
50066884
17024218
68491887
56481420
42662658
10363183
45619188
52516765
77858578
20757734
75323587
97867637
46958898
50841252
41725685
92428726
98738007
41414660
78296828
35527336
49295705
24276545
27634164
27415892
7328280
85168022
70346245
19278022
72930983
78116722
72405934
65405941
57335264
5539118
63643484
54509972
47417163
3569773
58520473
44337537
19323251
89460362
45499440
56526465
93614589
52442727
24175543
9754097
7316136
13092253
86171752
35106922
83884656
36850237
54746496
108229
5152550
29026761
38369562
36549652
58868222
57468070
24524416
91533403
53728801
82763606
70506573
83207869
92290680
26415801
75892129
71809327
28848446
88598398
11026627
1967553
13889434
84791642
46301165
59498609
98166895
60502585
72433243
90065731
31929593
12389245
55441151
42189177
18866954
52806427
63137695
42910431
75079318
78605114
29544837
87125321
81931658
91256235
1205465
33076107
36533674
74092803
10876041
8158859
5392354
31634658
20295076
5585123
65858798
52243769
12271543
86100874
73607448
20215887
8066610
32522428
30334397
795559
99078913
99896865
72552520
10478504
51907798
14309734
54973998
48432399
17503317
19129685
91692688
69956191
42159772
91557057
55614596
46284275
87778370
12071904
35988699
67262511
73737756
66772559
42384584
32777211
56124513
67424979
20138855
94267195
28667803
37692428
50113305
98908141
92750960
55902690
89069251
77311042
98761094
75814722
50411691
64232398
85848133
37556009
96872415
12708240
68537565
72432120
86498406
7042188
65591547
67533318
87161606
22424705
18772717
7292809
62331782
7187771
82619550
64734639
43439175
42816356
6258069
82934644
57292644
87312832
43806534
42396343
17930939
87018947
94664194
80327590
20511577
84575314
46213002
43864982
35781901
84786129
27511111
17383968
85362
65415828
49046740
54729080
72073769
83228436
1362167
43915569
42100336
33029866
88004899
88777226
70465280
11572930
25695806
74092918
41578781
72409377
95266875
74108111
8800081
28028811
79033732
80146406
88799895
66041439
92907534
2037147
70376116
69066381
30651148
15981355
34018808
75710401
53864263
1952896
32331882
85578147
55905984
68317108
69253728
50179481
51384909
99640678
23486616
89548359
62632116
1207587
13527984
59257226
42722173
37192564
30796928
92243706
71859311
79721300
14662484
61618153
79216842
9398358
12345514
14667239
16345069
39315823
79078830
17190294
38348562
21803445
81816023
50324784
12568484
93398681
60220502
37961231
25316003
65274836
28218309
1722365
68181049
84058649
69727934
71316589
28093666
73539487
42795318
41655799
37535818
47276495
30319079
78690237
28136208
28441560
92146282
3834672
79482322
42478028
1790416
31712507
52313659
99028747
38694038
75006359
71702052
90741345
4515112
51527398
94945646
72259128
97104971
9947466
79080053
5301918
2074060
23467205
94288249
17038700
18517413
5781790
7818339
5558393
84869829
59297280
89113634
73075573
41404300
81613740
65942418
59677880
92450221
31303574
2782230
84302007
51909949
12057898
93428554
20115358
40077155
59105708
82080807
6205488
85674695
64163096
81008353
65931844
1359270
20501135
88390591
98457857
75384203
89863232
59403080
22788911
914234
57587599
75566297
38584672
96755982
58122130
50134827
89347164
18548167
39013498
74167479
44826555
85964981
53107269
26469918
12847945
3896827
48095410
18827584
81311868
81001428
54971515
75323821
10979313
15690206
37359674
62697511
36090409
11218252
73160083
59765960
56361584
72961035
26621961
6395400
72931998
57803571
60497314
51156291
55277548
51560855
74927417
99206311
80650793
82385224
63423015
87290486
87970716
12525653
23806658
26073089
9257334
75937404
40763697
81375402
37510812
69019110
54146280
93902038
49502627
40285690
32618766
31628807
47868514
12128625
59179082
65650910
74518418
66549286
84735398
94049759
52933389
19120698
56620747
58695741
74644461
45591002
14460895
94118077
96306629
16506803
1641050
72710329
34937667
83747165
93241399
14398973
35908635
46136152
12550254
60836949
69477409
42779095
69646109
88063728
74337977
51154431
57024866
53665267
41947085
6609638
80055195
99515282
62016777
56834028
96659666
78931067
91995938
80851660
92575666
88283489
80643712
26377260
34415241
92717849
79527177
49290848
84362287
66032126
86537440
27904045
91871255
10081245
74622184
63873250
43777407
912483
14440627
95796924
55891516
88752748
24222511
8555862
23704851
50873636
73560149
38812153
11088932
27323995
33428306
62514110
40718597
43893499
43832570
80740830
86444101
20989003
75219717
89862530
16149900
33098433
55023347
43470862
1633267
88289601
74280202
39816381
17998516
57558776
29964806
44778785
68330036
43453057
41335176
20688341
54495896
76359771
2794569
5400611
29036001
35644301
26448101
26978649
59042614
53173659
73324676
47798294
74521381
48484787
85324574
31514932
89085743
18755773
64834421
60641492
55089983
68473824
72026381
33030020
26701356
65387101
94724902
32423211
3114633
42422505
80797598
6644750
69252902
76886393
79533777
43893448
67821897
2723531
96300881
36914960
88926055
59059130
30278991
1448061
89252889
6694406
39011063
90734234
17714588
59349660
50542718
30848747
77450099
93497754
9409876
75145606
9121081
38068932
55890620
51561255
81407748
27497729
26741016
4685589
23202432
43156995
78825142
7044367
15421076
64882798
7024527
6414333
33643641
7587363
91626686
86620677
23009462
78194056
64319622
14672173
25476592
7616247
66012367
98041441
594931
56524554
32881360
43830109
80179344
40516020
1204603
55540746
83046968
33365368
2302471
18810120
57903095
26283969
83085592
94441942
5677605
83659635
84920218
69433498
47675046
57579132
99058765
89066122
7527368
82115578
9325673
4849645
45224413
10587434
2359414
42263807
10328122
84375826
32099932
60031803
63420607
7251050
60992026
55839998
39332675
91577995
26376592
59274845
97553884
14261252
61604465
75024978
76430810
52631973
76724452
21329797
6149516
25078571
70313667
19577169
76489947
69024782
6609808
85384548
62069692
86336550
95449809
97035579
54345918
14653901
49648078
21054131
20653874
11964111
12251157
55950978
23603443
81991683
38695223
71380331
72827355
93294432
57598628
21578993
88226622
6808849
947246
40752075
31318957
30982629
57195811
96348557
77935445
90869981
95181183
64713337
42780189
48737964
25722067
93316389
7180644
28938307
59308487
55812401
12494677
17290772
46311989
59787618
90291307
93064414
5876510
52719671
3080592
81032394
78880404
437561
2153780
86021555
5225082
6733906
37337109
38865002
39150053
55033712
81111614
15663304
98506108
93197250
69485187
56220970
45844641
21119317
17206401
24620972
75593826
80428296
18531549
33647805
94094889
80643630
58841703
17220576
39056103
22718948
90502532
62202235
14655760
38648843
54005300
88080456
48918320
94094799
39551237
71580599
5325795
44174718
53436073
96539386
92492399
54652764
34666930
60635191
75696529
36963577
51074163
46127047
65016902
40068291
70874308
20165388
9122955
51092085
27095793
60850221
57718171
93177489
71024699
1662197
32295226
24430577
31158867
89372484
76978625
62556893
44967091
91656694
95313545
62916518
37135223
92351074
44435787
97736587
77455054
6233617
55628229
24167865
23790523
59538626
44607770
81738296
24223117
67000409
33048889
46701640
62382730
22450515
93496887
20265161
13805589
42099289
60820468
88262083
40094378
55749388
89833364
58397822
62159760
39632889
82091455
43760296
28302029
77408511
28315745
46906082
77283843
32445289
58449427
54918885
1287845
12882582
59022289
84145489
87243827
26276777
46448204
9466310
2622408
47953105
21639014
63323482
68310624
55934963
99705152
23029421
69290661
9040078
50580610
47078952
31928273
17103620
55984849
17839353
71601700
7247464
45958596
6466023
64351488
57886990
32705857
44642548
91176249
79020386
43259103
54309187
66386736
27490217
4595023
34857983
25416757
96451419
92032919
95762013
69745904
86405895
59159657
77109621
33391962
40981355
71855184
99063976
39715604
16641130
17927479
35450677
79130970
78144749
72273624
83412474
61969667
63157987
77804966
39386966
88790388
5569834
77072580
95094403
65374449
8453077
58900778
84189538
15345197
4838168
95838772
63069570
31305131
7057562
92945684
21744282
81493868
49199692
65773479
8761038
69971877
63274018
75065631
14760705
86818044
89672375
87727763
29738355
49747741
87325679
25475812
37143861
63176136
72261927
31577198
18331832
53999235
48708528
43119185
75979023
23250175
48533257
21694627
51516412
28668376
51052609
62889158
30614102
52268682
51588019
96634053
6216336
14711021
7353676
75864628
3388400
48860184
45994421
98318609
98717855
70581112
888536
40602523
17946909
88566959
26672086
94165385
77860027
13313078
97373532
76537656
94823521
26580318
69916586
71134273
99255586
61849674
9790238
31451138
35422087
36555629
80164857
8306086
24525413
4180201
81394477
88644963
1144866
11916628
76620927
88330617
55788266
54284831
78591836
46502974
81889987
2265953
51639147
37582875
66678370
56335191
341814
11341441
85661480
2512701
94527585
63904615
13250944
91100422
30630274
36638914
72309788
35640636
10787294
33056119
44950100
71740517
34506042
94783186
94386866
74303082
1590742
98779999
61177930
46966443
12932938
40801164
40374476
5525151
19955614
87625627
48153998
10052972
86996071
95787159
13131442
70916012
15528788
98861316
67031290
91205511
57611098
16178819
73555711
86526607
30790385
83390971
74575214
4920536
33441212
17588342
14492460
4751493
65763152
79566154
37629838
55597567
58069420
59025838
18364896
20505459
15683830
82220963
90287044
55846881
57672897
98637285
43739955
70342371
81358492
62193447
49479698
33757640
33242843
98381227
79615369
13581114
4998246
52972015
68962372
95668486
83828129
15182598
9667623
82683067
29106899
69497100
66693479
68215949
14329280
28062538
68066635
39019537
95182679
43361228
7421179
51873186
78094098
75736047
17709717
74967782
91984862
98735070
50232912
88010519
41420017
48354533
28953185
35899084
96801642
90397097
91804992
72555152
68927910
73872653
60591641
59374586
70416043
88914037
26842365
69274458
19212868
72982076
24523750
30882500
67365024
24231555
54066725
85945427
88240359
88264112
96119149
10107757
83354263
59027485
62958809
39569674
22089143
22710992
25458205
6602102
27082709
94384526
38240085
60561060
51983011
84440783
68040463
85215546
8768816
61703770
57700306
32712277
32905782
9183858
67703098
67833227
82813370
40951711
85818774
86138294
41463831
54330566
95764693
20507810
97097704
55653161
67654851
49237819
95764975
74775917
22594029
97059963
37050630
85390079
97331215
28568903
23527418
40350638
49484246
53031345
97492893
66442595
76670460
3236718
94252312
34591060
47627071
15414787
68644653
56131698
36609383
33861475
42260035
37671711
86497165
18752985
26160538
9378130
53595911
66134943
28261589
4340851
39332814
49339452
91216323
5833647
55487686
99627789
92168353
78844419
26645368
53768863
63218753
69210087
52564261
37651688
16410397
71895262
27848889
62079652
42364110
30756420
84347197
4809528
83263155
62225890
9158724
33025236
74236211
25505212
14505016
77999146
1929562
77599400
769656
67624431
41557196
54200870
57119269
9937941
66661623
94904997
36717926
22022032
44880248
80771375
57630757
44374031
70762864
11546944
36640750
59962412
52057409
4319861
51552296
59598474
42531670
52174845
27465446
64808093
33301354
87888235
93371280
99672329
29780913
58433029
47921635
65209270
13707083
1865148
50177070
52588379
43338021
67567421
66974770
63338385
19467276
62965617
70772436
23859266
92207145
27943902
38631564
51444391
78465658
15271723
98729430
63682314
56305070
24455174
62511874
67864812
2413746
82169119
27126828
60725355
3000388
88191120
12249463
15204905
33342305
16415811
14438792
14889245
67097766
37615022
54897575
57538718
14635951
92737268
6616783
45459775
35986146
72093022
47002209
48677870
41050214
57578528
27974884
42183237
914283
80124919
47701658
4526096
14522406
85722525
24147680
28274105
20204509
53853294
28491966
90235621
77873905
89821307
37309195
41829935
99712488
81610519
76858801
77061371
13696527
65685901
82231848
23141373
43037142
16460419
78160787
22040655
26973349
93441927
63288315
6714755
73701748
12540944
9059328
89096834
24323974
86167523
40755108
40929774
74490295
19363182
77213487
1571594
86317824
91153208
17507214
56918167
53561957
94128306
95428206
3545396
95604821
6339444
11277246
47098751
10262478
95979507
814345
73786749
38092293
18282837
98675910
16042462
7577541
36990314
20311827
22063079
44618092
28124354
65271389
66386448
95627230
78284362
7180707
28817103
28426349
31094868
98121615
4894773
97844343
29562842
76295483
28540738
89040101
21154509
51218211
84034306
94676356
93556649
9823303
40469137
35302176
90044805
7522447
66322361
62918711
13283290
37731428
36513959
80717446
61629597
22074614
8747046
89347581
47284476
59163659
82993570
85418552
57948714
35148437
57272210
95241667
54139070
5000128
14249462
9952525
42431175
19243373
11043166
53863240
68628118
66142083
8593617
90162608
3339175
35124479
37392390
96470040
91586581
98357529
76470104
24752712
94277838
74814185
63932276
18810483
69169173
3726350
93969721
36971335
55956923
15250336
9215663
86494736
81799164
83989932
28638856
66318093
13156495
69449379
89616938
24163067
44666181
30361004
39030677
33399298
5362907
85343940
43550047
2148950
14338251
48376428
35714278
14086696
86845633
67375178
68634955
40916095
51405671
77264624
58597317
83134520
71750768
29947317
57764136
96138976
81069430
884507
20228325
41365809
17983705
31214783
46613084
3656748
71311184
17969708
45009142
94190342
34815354
43813743
85761779
9492062
70293667
3489979
26233374
83346404
28464328
83485143
78723063
46452911
82750674
10100311
81165117
63561464
5904873
44138439
98744832
72974448
46193087
49336145
44074769
87371786
1289452
4743850
59919410
53153276
436781
44231073
8795233
54857391
59164471
2841838
46970594
65400624
29494246
46577251
12996002
55067697
35498271
87668376
46511575
7002116
72683979
79268936
94627772
41706528
54429569
14773225
86076246
18263678
45501628
73703505
9932976
77418762
66887896
75887794
24363097
52791952
65277161
77642995
67731666
64790383
11423728
84157849
9998017
97831719
99008173
54093596
9596178
28679120
85395530
40498067
95341
72043993
66854643
36591536
34122119
16626792
75132784
93989768
97563786
13749866
96362150
62314967
65624767
5086437
71409991
76373700
55898868
7994748
73656042
89643739
26462098
16783375
90968599
89273929
55117225
29933391
18045395
53753396
83544873
58322503
74821253
21709728
42470215
99240044
81482746
49946988
22514876
71236220
56082758
85297094
90033717
8502895
39696618
76905292
95842772
5828838
54720291
61463062
96608323
45646594
37774878
94291014
5448842
51566789
45333701
93518000
10804874
26043326
30299697
27991243
35207587
51332017
59688033
61644440
12462722
88983225
31657775
85287569
88631128
82316244
43035269
57338459
81839773
95346200
948127
7799559
51560557
17045086
24470522
70700221
87042585
45231554
29822171
11101996
58806098
14720565
39025947
27359754
81255062
17262474
77742116
16238858
85270191
93751051
79541742
82325490
81835298
92028813
54263579
81627351
13691762
3462870
1519557
52969332
48952910
16648004
65175442
9990288
10268817
18085826
46503370
71168998
35493744
21088173
75703023
71394723
70482238
74815318
64141997
24976452
29566781
32859861
44104108
46613428
28989661
40046503
74827299
74086574
77184644
55116600
33444908
1871806
49571067
47387580
67490407
65002443
83757497
86204056
69937853
30742667
23052694
96993716
68517916
48526320
270590
58736731
9537020
66693423
79907041
16318491
73891723
44160905
37667305
55932494
45659260
16018683
14087201
68354166
32168741
59846689
49633132
94638441
67384748
84429273
343068
40899057
73537567
67094544
95933497
38102016
42778165
3146880
71146034
24832465
61963308
51599382
95711867
13814946
15817658
99368142
85748632
10416597
32434819
39901523
64799095
66486152
46900677
9620789
54491923
65086477
76304201
24197770
80358175
50985632
89099166
33152315
67174988
61173827
56720893
6394899
54019290
49546078
24947342
19647086
70550550
23508753
32383680
52031800
72348779
90869376
80578175
30947149
96365656
76882369
76191611
32131263
53210913
11549089
43993686
82257628
26134936
30808173
71100978
91950543
43858337
12422757
30670059
34774757
82642869
7700341
48834573
30486322
99383587
74133919
71720687
41245375
11635938
19544050
13946491
61773674
17803763
15786245
8249390
4421710
83397857
5339767
49584426
44110360
45880286
93164985
49633883
73934811
78116840
9391773
3582481
76059250
97795539
66671646
78156144
78652935
77281791
21068982
99390017
4180938
1773091
24812357
57680464
36487491
37515532
51275570
11679124
10785731
92485354
39183922
8693250
16997394
81781646
92499469
86843604
89166284
16565668
89067413
10685922
31690006
80769735
68095462
51186651
87610553
49834639
89076258
36782270
61996884
61044385
99760710
86692302
60179428
84160895
97677615
13568155
37414807
83669246
90028881
83440036
21627617
95319136
58235205
94331999
19290358
60069315
73699881
31243365
29349863
91356587
60067284
19572830
79794424
79655007
24418296
97325418
22090366
78671234
72747375
69484013
34568969
92162366
5743884
38948071
11767090
87410632
9259620
3578559
65880824
90947060
17079514
6638687
13238938
33931465
32381822
5037705
78519071
73282482
30417503
35975260
61741308
99937891
34216076
47215231
34355719
27491222
66002545
55016067
10780560
71753190
67464566
41637688
28377952
5722186
89428083
41813578
97736119
29532482
87304945
28691997
43621181
145254
22414532
85241746
38746392
15660731
32850346
90372226
88290575
58976258
15718270
12478592
58983791
56760566
71128413
83052618
24996383
68869936
53824080
33316592
98262032
66026862
53786061
8789705
74992828
36241363
36938255
9495982
7171045
19422672
73815716
71239572
11634744
62892004
35255547
97412599
53806042
74558949
95885926
64225801
29616612
18414962
22787657
7477512
73337477
50098552
95255880
20664634
17981805
78917855
20499051
4292147
93360876
79008336
30562213
510415
20184661
7688265
84065025
57575905
94111499
23080205
88173975
94781068
9789345
46757502
53687199
57859248
31525194
12194792
49715852
25117174
56172276
87117820
23079998
75742034
78334407
12471358
24604360
32846332
40752021
19375493
66275942
13815485
97942321
3316332
68216371
61886281
93968692
38652577
76075837
98439632
56714763
42460002
12152910
54135843
66296219
35187148
25428315
44267660
55327090
75361047
94084187
9573269
68673964
5750852
77685011
89001765
16715073
1660463
78999813
98079982
6800580
75763491
33451422
3899677
78838605
90400966
97925241
47295230
10351735
35300811
83435983
6201623
6744168
13411811
85848145
25973002
37420344
96877277
98643911
49991643
74018380
74878658
57371100
60796616
79338958
54495143
43871940
4311186
82483010
39287727
49701899
13350281
28580332
49881043
63789754
20854682
66412388
93956584
56514268
72251004
84010474
84546348
23370241
95772662
92169756
21483013
88653781
79461755
41693125
94677299
99056766
27857115
41279382
24713708
80639219
4661475
62285081
18553166
89678403
40991483
57707323
77410914
39506913
68892107
97479037
34695432
73247112
84692768
42476009
79184449
71389411
40090456
83928334
81905359
52359878
95399062
91274143
86192332
19874480
3938507
91747090
75686030
75917846
31774804
72014265
76598523
38597781
39124242
76208014
6841536
61370850
15917077
63094693
17390222
49759545
70777536
84521786
86728742
85605679
5186557
18962853
49223439
83773907
42388174
38729301
38931811
60378677
13075402
49297973
22523150
47299743
79407311
52571259
54979765
29672784
70785025
49766591
60040707
58164750
62866326
68497965
92774335
43988737
18193023
85081663
23131191
56350539
77603740
67463755
45668977
7542683
41241233
79780308
38183460
28804628
99818388
27508276
5841687
85946778
79057945
39766984
61862614
85274949
99343772
4477477
52187310
17390961
18379005
89546886
9521747
42054962
96304453
42267965
67436296
91053832
20645773
29383952
61560156
27502092
19453320
59704025
23426508
74050259
91753378
81209006
35093304
39624532
30956222
57291039
19539691
71884273
32711477
8308647
35653831
12393553
40781973
66193283
72748521
68154989
51632797
43620592
65568265
71363373
78732556
77725332
82598635
41944882
97378334
66413566
90005968
97183850
44163284
53310693
94697244
75690481
68959015
37610563
62718968
75611768
79043610
18368356
71631898
50058801
73997077
76499067
16378111
88711101
19914065
27826579
7653840
1369068
96091374
11536841
35904045
53025980
56250643
96738284
31960742
72583029
41216596
99945674
48748773
56593700
32157374
15912360
12209343
12192357
59080348
21666186
1065737
3671627
17607922
15752498
22557525
72928908
55068818
41877685
13602850
56185575
18452104
87272128
74372665
92432368
30356718
5287431
86123412
18768002
55002786
62131275
54055427
26135219
72936390
41538727
64007617
61331165
80073804
9844365
30313363
61382556
35659604
56652567
99468768
37083717
15928845
96754991
93233977
85711465
47628969
27679740
75582759
38639524
53248320
66360878
92390747
78178648
71627588
69320697
61268562
79079112
60492253
89477846
91666300
66271741
15055786
36243274
99319329
29695925
140544
91639299
67872375
30117039
2797420
44023452
59257901
585552
31353987
45409906
14927556
17543346
94201251
50052381
79904472
34448975
19028317
13276098
30936064
62130971
33485368
16424526
89603381
29261777
84117526
5890563
79377919
38875188
10260821
70743416
27800245
20765050
64668614
5296197
2566303
9724200
31996531
71811681
5967135
4373288
50671517
69683221
74990071
20086045
82587823
70607223
49404570
21966095
31251853
94819818
41174732
23086701
91907377
95930810
84611857
60640744
78530705
52783612
53243220
66486009
52623510
63127188
33570402
86687440
16793927
78165064
59880298
91333154
31260235
27264256
53867551
28348925
51084849
12138860
71411292
75931520
62760286
7585540
10890417
95972016
92953468
64655911
98118074
99921518
31729787
3407284
6805226
12553735
31743818
56418916
18145123
29927290
76779903
20012759
23273484
81202823
45881182
88248918
28611288
13778774
13534885
91270792
52302997
67618375
61682351
30466958
86285077
38404086
72280763
81521187
28740439
26186647
1865243
12533701
47430555
34017032
41854873
8523547
35494027
19310560
69529754
88237071
83743202
12525112
95680902
79022913
3671876
45634027
38312939
24577722
55679475
14086584
48167582
20107007
82932908
90577683
7999633
80044658
13866596
65258442
53806172
70744938
12257677
18178245
39493626
53975582
98895733
90054025
7894954
12422897
69573999
59789024
49890583
40151095
23080258
5907400
4679224
3874429
31609006
80580958
1435244
84515835
12455302
60354275
94698196
82984229
7887241
91472517
89726973
37625167
79881657
48841501
66757321
90429635
42282967
35287232
56795671
24191234
25150711
98929134
29775805
16984062
3507158
68614413
99457200
55954580
10813140
65306719
50429625
32350129
91003128
78005545
87490719
8415076
77810821
77138292
13016907
26988378
85526088
14774483
73010613
27904274
1436997
17124647
30545696
59250631
69710537
53128917
91345223
89101306
2386814
3081114
76139061
19839685
48591806
8107468
10864240
80249395
61899959
54683636
8579409
61757393
14339440
47397075
4671812
38496
12390220
68370226
72397493
55022800
81237848
80614052
93642733
50545020
36590148
64899821
39128965
81565667
71888157
49927338
85603072
87410574
68139696
4734276
12973134
88286927
14605182
6533560
44448969
76188994
8023802
4283809
81424472
16238512
79280122
6165837
47467049
28144312
43677503
36680807
8319916
75250902
98173244
7664872
34665304
69333792
89175057
23112713
83810624
87421894
44410866
28612466
95260454
32251196
83242840
22471554
30873462
41353725
53166105
35344713
63434061
27590156
37833778
34976308
33130233
67662643
64764737
47431555
94971449
54040076
24645682
11222064
77470032
18713489
3356397
46001606
93270202
16503757
44772309
82412021
7402441
43056827
19172156
74751950
13817819
97204910
46569723
25937115
82067793
19499277
48675504
23187173
20957680
53814908
54107948
1733027
15325826
35865171
22054453
90403067
32360901
93986253
2988903
76237777
47396232
32130481
81707778
45827819
15986857
49467155
3613535
93049405
2553465
44882224
71996522
84741680
91132481
39993015
4949687
22293872
47891213
98461453
35641594
40371157
28666547
41306923
15950600
16772943
53850874
23407137
1310810
1465702
86279751
17023356
39680766
95408791
42909219
59401825
72183271
18124252
2638126
58939631
42011532
46663894
38006153
93148551
14062732
66782074
25093212
73280666
30786227
93266549
86630265
92380919
49795722
1775105
17755216
35432365
68481956
97636689
88364021
23984277
90997758
42507084
51363980
70457819
70204746
59624019
15347213
30574310
97553001
3205631
35665413
4938506
58822038
78389242
74905807
94788267
53232236
80415873
82187872
90111992
78586661
48273177
77852535
46706799
63873509
73648685
91228586
50933895
42841968
70030482
83493629
610818
89707011
71735636
83310364
58226984
37183601
69894442
28735617
25242266
78971755
27030596
51167139
33723991
30252242
81598156
34314771
9340801
35192885
2322451
87861759
45990014
72552651
19191418
40595077
59900512
98991511
31476988
92820396
87205487
21522932
8110132
87990939
78195491
4015091
54549230
6388834
83774340
27799096
45434103
8234108
92854995
31550564
23839352
64376293
95586607
43116942
62965243
80231947
88754940
14783310
32501757
79053158
9527397
29803172
75989063
58249826
41860992
99150532
21104263
33481394
69827312
12540337
35713651
47403752
36449787
65714629
83246757
89557093
37119550
46708621
39271954
96712077
69225656
23504125
5521176
90925179
85072375
49518954
40750902
88471768
46755532
43348727
23411299
90171405
19438847
72204492
29325506
3874236
91043947
12790520
29184135
9932524
81819755
10251812
68574934
23250986
99723208
92767697
97789834
99080725
93310613
14243619
39902903
64759783
10906097
50416559
65035007
47742783
50319240
15210117
9215784
19035560
36216386
39271801
34149588
2981517
16615155
82497597
96072067
2153798
15298863
73708830
22801300
40411726
88075594
55529155
86726189
51732288
1730092
12341254
55932535
68280252
13983148
58805902
55814846
14563888
72077592
83384028
59575363
40459078
24491466
47430304
59399639
98359517
88699742
6720212
14039410
43000885
91518656
25345260
18766758
62827304
44304302
18265809
92530460
92341267
37318013
16845579
66234252
36817327
4061688
72391699
90934632
56612019
55012630
18727172
55410010
49534571
71288395
26347115
16840214
21726308
94530084
87161564
32972230
62417246
72887697
24247534
10302661
1593669
98889473
80307897
45196739
90371056
58331374
75524276
77820441
6043465
400560
95774482
67750264
53120783
90566893
17064495
57608090
96540749
60380134
46313460
45501268
53967730
6716155
51342134
17752859
62446231
83200939
76550323
60813570
85387063
11256240
78396052
99694685
97013611
18962028
37336865
64710319
83770806
39530687
49707377
94750531
29792858
76951440
61508801
77991226
52587975
84986881
38582596
4529190
39571746
25855731
30622690
83282544
62924830
24215892
7937359
1825054
96471883
384734
94002863
44129863
68804907
53622436
32362563
12922734
66640767
65996668
22036011
69587875
33802348
19163392
57951789
61339723
82989318
54565838
83159829
96767840
60897043
95149386
7859052
55075397
29854829
94981495
6780623
56258194
49664253
96826604
65546859
33482409
47607042
39702941
99936871
32532628
42964546
34509073
91445858
82194374
41222838
15463536
79578757
344529
77534187
11931723
61521552
61115327
92104246
29160523
21877332
34017208
46057450
29269021
8099265
45082609
96732083
51132756
32829833
54721448
96057034
32721885
53752164
84339532
34126656
86475651
36032153
13129599
23368211
3846885
34506475
28306604
47104757
47693941
35369695
32541233
34337722
44589109
66534866
67478446
94165454
70688147
35241546
5237958
94965509
6738561
50915449
1462876
47678937
80003271
49019059
61142522
67404147
11187811
43911022
24651007
48633508
47880642
46370784
14528918
60513306
55135686
32268643
17438417
39636949
37365945
21710726
73589768
79534771
15011076
48497448
25830768
44233947
95026521
64625513
43363906
25858855
55294927
12499339
62652600
58371363
99247694
52599354
67517253
25907224
58136089
42792042
33906654
92474833
32145310
20632186
63173662
11979751
70232521
85800751
99761783
12849852
8679817
29560928
48941624
79307680
94385208
56211430
90100501
28137967
57760672
32886630
23320648
91189641
14682395
27001598
83605880
24373222
41288425
20123935
25313018
7192578
28792502
40986167
49281128
96727016
3652624
39986779
25411715
79012482
12035495
70021180
27189707
7708305
23695059
8637926
54559429
93651868
29359306
7597256
51570591
11868510
813187
68570479
4732835
58812025
8169318
85971647
79045466
63159370
45211113
51437639
8061810
55824622
72954832
59049337
26379238
60674881
19695960
18070140
32459996
48854267
36658050
75830735
68254102
97247715
73591532
55395271
34447654
71825950
75697795
57603791
73340945
59634596
83413111
24316534
49450289
97057644
69171053
43186441
4362129
40040744
21192699
10218446
46092571
16455874
62790028
65697378
1174293
18530080
24302397
78715551
98876052
72913239
44814985
84068728
69208539
95536789
49061675
4559056
44236394
57337859
92042706
40089679
78624295
35292430
57733743
93923799
23427215
26082680
91160183
76795347
59619816
34377147
52719212
55710939
97305712
86353484
59395575
32122216
31136137
27050451
99723207
68626133
92288547
29320441
98302246
92516563
56096043
14741041
45904714
35993188
7394647
319643
27345130
27788561
52842030
97676556
79476778
74730479
22114931
98761303
93178585
43752078
71552859
36590931
45538711
14832830
46473962
71099907
14879746
12354579
39838947
9717190
9217506
69235755
78676757
24758372
39181180
12550089
40505083
30336242
59680433
51964062
29141959
21725381
74430462
86842001
55992750
55977006
47566977
77218419
49465815
37168340
18429216
37702187
25486320
46600100
11913031
24235053
70712859
48587104
98775905
94232140
45002296
20280885
66794289
86209999
2822698
35263720
90522738
52905757
45147612
85776531
76648198
42942738
81408378
42086749
82459720
46166163
81295770
89314900
53020925
35388107
40005130
47399759
41342264
79173372
4227946
90547560
36095292
24242892
89047391
1919745
42366249
86945135
62374426
14440336
44582232
91914931
7505026
63398621
24001382
99425780
59712529
21322020
58436998
50493814
43320071
54166007
82280005
80491
89144903
48558919
5647054
81975389
77287258
90977481
35817980
60416600
23310865
97773127
91799322
27114493
37929859
34539519
78132442
75207911
90349884
76053355
37664243
92427311
33687783
37377288
64679309
89162250
66741649
82776567
12306963
37807667
60341229
81709829
8613093
43967818
75870900
62892924
86598006
55569797
37467305
22130122
74868691
34240784
83952038
74278152
97507468
39848555
63508850
22159549
67509737
37750543
86914356
38807358
88213221
76411099
23721396
14045844
26627009
96874030
81673117
42963505
3424593
63763370
99316937
50712690
25773732
31846162
34772193
70670693
75386168
70740753
48500534
92580596
14894943
27922597
13363365
30783435
78361163
31157889
98169136
58409920
46904684
55148687
702292
64603873
16468959
49260763
75572441
86624248
19650095
14389804
6635199
97084736
17162405
74473992
89683335
34909647
14494678
90009301
17498143
97996120
49403826
14442559
27598491
26527545
59398663
96900288
46936692
43963688
37551872
28032132
61055221
84870
37471186
59569473
55836797
87321046
29736325
54294220
2885818
36656743
88912734
5116126
53232773
22404960
90787865
59793165
27136361
95900517
18375860
82942021
72713733
93006140
20350083
32485364
17468499
46302597
76572285
1036132
31386374
12005522
24545482
61581132
21083553
37925392
82218977
6300309
2574545
4505754
80622971
3941662
9596219
68187558
32781775
51269242
46715834
78944890
54263962
71080451
73431981
19958085
32050203
3197256
52412722
75841912
5985263
91385891
55013669
53920931
58422964
28014809
86374390
48982765
88319426
38454267
98147725
648732
57303717
71429131
20942286
90206574
46755394
32067437
41980798
98473743
59544076
55735716
70263116
28464261
71518280
52931788
67730781
72708002
35461816
76952499
64322259
32792265
61363202
31219149
36211689
96009602
78816923
37044700
82197431
53733885
45334076
57303397
94566671
41896207
90654847
38063915
88593080
21624563
20977797
34038417
82255473
60607612
28952360
89701485
52367600
54462227
74798136
1218537
83159987
95364835
56148096
78323499
23317913
52138945
71938921
81060436
76660921
24076778
60338068
14798028
44136255
75638095
17747670
24980219
15602028
19071059
58964018
32081417
66785240
76992567
93586063
37502602
55550771
88511380
98806566
26042354
99811813
49399030
19916451
50220328
50455546
10833715
73584751
82102547
78434755
13839290
7997185
16173828
73491499
60981731
71907703
9193520
25967640
48799235
63268852
95448957
83137745
1448260
48948981
86468192
59961897
29033822
10821759
70073909
20181720
2339644
84281172
63721317
34154574
98623625
86273815
60381557
67003654
20075108
7642157
39383903
61507763
54402849
33937846
11474091
61085150
92667810
13066479
63668658
89908642
18752359
76567799
68284110
59491957
10589452
51992574
98863729
64700626
52506874
69432709
93376519
8142875
96717029
69024493
42929765
51555053
16810322
13054699
6342439
32284411
78807780
77974767
51360124
9681223
27423446
24311726
12393620
35037703
64629870
41972990
91552304
37282276
66923056
21177234
83037164
10979222
57728518
43082590
36610838
21252140
17547808
36252716
6214916
36553526
79801285
21844761
48064394
43423801
95064017
79532064
94036612
83740649
77117877
62027264
7588619
62355622
11811327
78275176
45081215
99536529
51407938
50744167
75977400
96821156
95330153
56876343
68108424
88163094
29008877
34104022
9316270
51034352
59506856
56277155
25510307
95409134
36889304
3247434
89548436
97298656
49635331
68851794
96569096
50194900
37185325
77346599
35537147
4295051
21585309
66893614
85188917
12798402
16729338
12800978
72254888
37728736
80885417
28138292
81960736
16182524
98073967
85542013
16087494
29367055
60503216
5363699
67959975
86770833
13124532
72491582
32494791
94933965
33080736
92497623
89215094
13584455
82176087
66915163
25815359
21915529
6957708
31116973
98477661
27034871
39776208
52582741
86011836
68293867
89040523
1529777
948262
72528529
46431727
66148138
52135464
64614756
307093
98382464
36534617
78660310
68693783
57112357
41411634
25671231
44590649
18804526
16324224
90117137
86067183
30399578
70116194
65586582
53102074
25006524
64047283
34656515
13175183
35002060
34892762
16855719
58662790
912417
28124498
84308821
26997516
89421438
50274809
60836534
30783612
52118441
89723576
16697537
59226298
10011754
9255070
7942556
1264223
90984683
98881267
81770450
5230559
39910682
69327571
93202603
13769547
70298818
64461430
31414148
33296761
48262521
14878009
25039033
1406118
97039970
26221412
89615690
97169762
47660344
71508903
11354464
98947680
42137819
10132392
36253756
77150781
35398563
28840813
57130679
82454880
74499962
99049495
90683671
25355260
60833560
40671279
92688960
51655660
30350803
29197212
93531378
34663904
89415710
19085198
90791581
71748418
58250002
5041362
96887930
57960674
74039798
94884096
54317052
87701065
66301663
40420145
12937008
32484233
84567818
93974583
51287128
35760638
55331150
81931697
35242128
98355495
16207699
23235543
53336926
21076142
28864663
99336340
16306949
41181917
22585046
86202232
48495798
80863687
78897325
31232818
2308308
94318582
99264554
86671139
59399436
80958760
34624144
45419958
6019716
96640150
89288679
46865464
72677017
68010220
9367438
96692693
85078903
25091485
16254065
29046358
72938050
716288
21294508
59918669
18877351
69679849
28915663
68918851
78725085
42125003
90959398
58813423
63930669
70831967
55886334
35782401
41207663
53311034
46386700
43946210
76344173
91361738
37164069
37459505
82330464
63575525
24960840
95429014
37536239
76221688
29942881
83413368
11776037
74348601
6180489
97441700
45952184
14845340
16069801
55778817
10312003
31109718
21755758
21978026
32096248
97313648
71582588
11657036
33736128
24902385
76235102
96621317
96953639
15413061
36678398
89359027
8244727
98998702
22526396
84883880
33449448
50868039
86134604
2424389
97794123
75259973
82495980
57506485
93549363
16102748
26736135
18993090
24240134
61575123
78830065
51172354
39626582
25409102
83917299
55830165
66143256
4011340
94662826
45791855
99588010
60678506
28056982
8740619
90704887
92478930
95129999
88047805
66264068
27916875
94863790
55781695
88694826
84233393
85632640
87023946
45397335
42667955
18490043
19890103
97768907
59357468
51540495
2667412
38605534
5612465
59226331
70932717
73917056
60416994
81923866
55431052
36219041
85703143
52001594
85499066
23309683
75525326
49346889
57786249
16151034
21764576
15337829
47908598
61868472
61558937
62002714
49148619
47145500
10114601
89365588
2856806
34614130
3795050
8394157
47683195
39630463
45673002
60019039
25100788
40380653
98761140
32502974
32364855
2752889
13166984
68584640
38810247
65606227
57854366
23403394
13529803
9219055
68497718
14013155
64477819
47805796
98297419
65255391
17340896
76648963
34047843
91296055
43931012
177421
44211207
62589610
18525661
38126025
4315259
77077945
21782897
49788274
56311454
62771305
79274527
69271367
74511327
99109028
58908323
52832413
93084351
90311112
12277476
29122784
1900682
92563495
4910993
72754253
11184141
46733588
3620559
3987421
24501522
62916197
32542717
35192775
93820887
45976499
37458251
32480702
49200823
60689217
49058424
5853386
57124622
52785731
87784644
37359376
99439231
76689442
67151814
94680886
99828092
3588254
82625978
72699051
18277580
98789629
2084259
17502380
92101181
29020648
8832446
72506830
88472174
99168071
40320659
31881463
8565694
70131080
64149058
68579299
73821064
38908102
35717655
36078614
36824806
90901680
57784848
47372390
7910401
16286262
44389517
31481123
26877886
71928315
7921818
63791376
11041458
75948006
10613918
8821337
80458852
20561120
67738636
37072386
86209844
96344231
35835423
75466888
42658588
34311788
10793249
33158652
85708639
49277614
43745770
76922133
98963351
43188711
71931636
64874891
41856564
61061686
65221770
16952064
795604
27456061
95895710
87911101
89057455
54889588
85610101
91845754
43859562
43364213
38935117
94048065
37074466
73025569
43050840
78575860
25908866
64170799
19813410
21881254
70033341
57655738
65965109
57809825
41334733
13391491
73455540
47858889
79245599
51590873
51307724
51652431
94181259
70361211
27371556
36572851
97937928
5801037
81833679
57505341
42070445
70386526
4337371
99339046
90205904
53893748
69537332
49528357
74537078
72744198
54042949
38680949
81786901
2246517
16566234
32540282
85820773
52265226
52278211
17463561
56856737
73105628
1778653
41181637
12733379
96180582
57429735
17276516
77027519
21721374
28521594
50128619
81821811
86398918
5924437
26110438
38832590
52602923
89994200
74111374
91060914
76596175
7000722
67420253
44159212
50919015
21833529
59095957
32198623
70241971
93287689
90693443
48504420
99137567
44131137
74869056
1250231
93283649
11181097
3965738
35553945
29389119
16377910
37196773
9441600
45964256
15488000
54407627
72584012
3768010
23755850
79537964
15959772
12629547
22995369
45766824
394108
13340892
47904669
21613069
73540477
57445175
31838792
44372810
48234210
98549828
37810719
82679844
32709441
54812794
64483491
50209462
60163302
92935758
62024061
70888416
31125940
41346144
31672164
1624329
15831932
77383235
96329248
545648
64907365
84241404
54515588
34295519
80697027
49173648
13383063
24535363
69395738
48560886
80299777
23494788
29775035
3022865
45294674
69253097
87472859
52141288
579808
68068817
19736846
80931230
2190963
51881858
72667739
16101436
24265738
11041984
24332157
75359787
38012120
73648516
67431786
19954813
58484767
48684994
95017057
43310709
43793604
45765912
49904817
96967170
78930243
8143336
89254502
2048492
97688559
58665376
24264662
53480508
71418334
51472629
15993639
86519200
77821916
42190936
72490303
44196557
76262358
26184295
43717232
62536917
44249226
26730444
36584143
60433970
90494754
95802037
86802739
15167644
26537350
28184665
64011028
2380710
34491425
99563599
26825176
91903541
55825653
23671047
429290
84613580
3864127
46818410
99016937
56486227
93145086
62326451
20025570
70988034
58312690
30597536
86617519
13974987
23482617
11869649
33325089
50592538
13098300
26265479
84866427
24854656
47042803
62645644
48059386
24947002
98709203
29171892
98838946
99688526
52360109
23689388
41432049
7850685
73061824
94503206
92451411
38299310
31922736
50286294
60668133
5783397
63729398
64728012
1635867
6447261
29539643
36224888
18632731
72448465
90259475
43698921
19575050
1706244
69765648
45388657
80813384
26510718
44684786
28655035
81707755
27482962
87555700
50061196
46596311
13779202
91086350
57591826
9160718
97393038
62666153
64050478
26436238
42647315
22975208
37057383
40635478
21910856
67703447
75639733
56456339
23337889
22555747
64998388
47554361
55562149
87355403
26341099
47544226
20880669
40412240
93736509
36978593
22095489
45253903
63755917
40329156
51686646
10338760
74723856
95943558
88569269
90777212
82171636
95273374
23867049
57366298
9598205
49916612
95966882
81984281
4854352
25392920
30435643
96069169
49959467
37732705
62822755
86381061
91997671
26135182
68347221
33342307
44679743
40837364
32164857
33100885
70717696
87045556
2746651
86999374
37908490
17218015
82915652
98774740
31701460
82051694
41243384
55220758
5013489
69825473
3698749
96615995
7996032
34172213
67820896
85602055
47620875
73945560
20749259
8537598
4873529
30171766
34192153
89783090
26620050
56156581
26948614
48513682
37156111
32368906
88347564
1252673
31387645
97441775
80980280
94331372
21257900
44065607
26773064
15749920
58522260
84535265
30040589
68419043
56096752
37896349
72864813
62173908
40419248
72750443
49774470
92716656
58389038
1490332
8947450
47589310
45984063
20820812
84015500
52291935
57047608
58998983
21155223
82461623
29800033
18798656
45421249
12630107
25972344
70858505
67138969
72635160
44745021
65052352
5823386
35519698
14311786
40442546
59386451
35658
55664984
11262188
88802949
85366502
7237587
63722541
43221369
17167098
98690129
39155400
43420853
98573574
31945612
11973738
93250051
29871760
10481148
68014320
42260216
64537684
93330279
50212014
41918001
72066078
47850581
5282947
75032638
30717071
19911993
30837714
5768659
10664160
56169077
66973799
75975980
13095750
74703080
24296415
39613811
45039547
85157722
28265119
53528331
89510620
36074471
13764350
58947634
76537083
71754889
90001277
76203895
22243000
94758115
14859089
56659085
60534269
86743898
80918210
6567407
8143806
92186784
35401073
72962130
27031805
24969728
22761818
55973132
39307929
30833748
6224294
47811006
25908689
41924031
89284776
38380053
83344407
26325704
41620806
2124915
22995939
79202320
46179007
38523289
79418135
22351406
5217695
23099036
73719078
467840
85597173
97918629
86796074
78682580
31850440
60893267
87779305
38763839
3191265
46957825
47031687
74492238
57114620
31669018
84916133
12553411
6172273
95703119
93440112
18348473
13874431
49096255
78782755
56846368
34517568
34401337
64779298
98030642
52611648
41930994
121255
69808785
37043337
67217074
90395204
8919297
93491061
14712839
74911173
45293713
72708136
77510222
15198588
38781069
92443772
15022822
30093262
21684863
49670176
59900139
78144933
51463747
14121734
56105887
28438125
25482997
18532895
19030754
49113533
48745674
74370274
12746273
64341654
53000432
3462894
57336503
79230714
50480767
80949276
33454086
89094656
76179242
53040952
92665358
63143797
67765434
1999387
27254144
39233381
82136673
69552908
49667622
355689
97529065
8168275
55336826
25116026
22989137
44833606
15240716
51350420
17740394
88781527
31792287
78501589
33945482
38999496
95951636
28841139
21345781
84289376
71968698
73160520
85915241
49450353
42336439
95591992
91085380
5465365
51566327
45393821
98497006
67595865
43989419
33306628
9756000
40853475
5127863
31227635
88544759
67604726
10296674
97975222
58988707
23351140
772024
75523094
65374399
69208103
23503231
50242858
28950478
81955026
63006020
49058914
5907385
16604260
36199119
82872559
43405890
95654217
44132465
68908036
29927515
27521112
53593749
75612918
92596665
53483548
87586429
49975773
91873548
85679039
71872361
60548508
82300731
36404143
95323953
11129327
60062845
1042011
53715090
89778000
19399943
63787437
98494478
24184094
38399349
45254020
11530373
6997009
6603398
94629542
85488180
93651040
34478330
54534101
83003623
65739820
56839205
88713330
35946232
97028484
34954813
75909101
78228678
77153126
5848301
28042062
32646372
9387384
24788052
16113485
55101937
90784853
40734686
9900511
39289296
35048713
2795674
13457737
74446261
49701745
38435979
3011748
32471769
14904332
53126138
56867592
54805861
77927255
40691694
6895272
43171613
41472844
8932871
90999628
65504570
95300425
80217131
37640854
96784224
4135589
24988087
9434960
20654925
26351614
20192662
65756650
34019892
90423256
45512521
65662721
40924033
82429598
12095834
37388368
62917335
37790889
6101102
72165664
45278368
6274732
35451753
65042220
15841447
7978357
74379470
62406158
59561097
56050634
28151611
72145012
45529246
95701274
31118810
18325083
90645573
87173436
53931817
60851347
66148117
26610846
98855795
15158908
2316871
51908973
4291223
96033289
91102123
41683539
90208649
71706368
55227897
98791333
79339052
65883202
6953908
69229042
36615050
40314755
9076799
97126291
56319632
11706804
90442
53221499
16179580
28325978
86927698
94006825
95186719
87217626
74785307
74803059
94466606
73459924
7079420
74396907
37286368
89116502
53015126
91414451
73816857
77756271
77375980
21720742
14185248
99837358
78203212
46516469
92400678
17807023
22605064
78495881
20397845
6574088
45564091
9640596
30087157
362750
50408019
28660269
35655680
4026569
71763178
9263516
14982861
82238773
97327225
74985898
28837966
32491231
62485951
69698057
46656288
94018339
48519268
48261015
81123188
68531867
43409003
4955275
49633266
25935458
93823778
41820633
55052773
48770497
56262933
5356612
82036286
19281845
31499139
99864160
73748450
7660985
11787433
56091284
78144791
57756139
43215584
5186350
83668732
60761040
94549941
44495376
90022844
61442931
34616287
17302077
79909857
24196423
20977586
69761413
40002144
6586371
77759870
27689728
88023015
6534208
46309612
33737832
66907897
28994289
78170383
56690657
15476478
86019810
81010836
37747671
45126558
36331050
7902465
73271440
43583441
93231610
36132322
68147430
194866
79333374
88686113
86600557
88049681
66605299
82005555
52175764
11713333
5667201
24919671
61495968
86614607
54279668
57609753
93624683
15704058
64901347
84844477
72629921
69296177
63996437
10203236
13869435
55373918
9138349
13621228
4537995
7639176
16229191
5851977
42745925
55396090
67570027
16666176
72403928
31252705
91921365
82132712
83605914
80919018
50198092
78585146
37457791
29937939
12012397
67748690
11935044
40888080
35821625
32462140
5723295
25069938
10962149
22120591
13385795
73849907
21139990
38474611
89820063
88801714
49659296
92218683
84387691
94473095
2245139
27519903
41628768
48425460
92748230
22862718
92726352
2241063
30565241
56143009
95880683
79559414
45810212
45441370
96477358
85767436
11218634
98968430
89209772
13137659
11742435
2446209
93256276
97551854
90220181
20419160
13131374
34272782
15305846
33834538
71475746
3569944
44485803
15264441
87061877
77570796
25511204
76216715
83733930
82065796
9732318
15549642
55407477
19188837
81696378
65655437
45078712
76277569
53737603
43813960
22272711
64507312
37799970
39847930
96031622
99737748
2611049
28416120
518016
52232440
45729921
64130100
91876057
92443729
72664805
76020140
12735601
79606169
77326010
85952809
6412632
76478667
45528933
37105091
90571358
43240202
45971088
7861994
73601752
46100842
82476928
66479154
90504661
32191225
53575060
29276923
44560266
26871851
55796270
38444436
2275093
97346584
68435547
18482731
54621956
61582636
24901425
18523456
20535263
27938953
70030691
59063433
82175873
20155993
84525098
74475290
6613713
49843950
50126692
96974476
25656568
92192187
38453652
32336821
71168673
26173611
19334048
46363360
77986286
33251405
15207298
39636599
58308171
93690063
42306800
15820772
4365678
21121843
41774152
37664024
35099616
82199459
73130861
2443138
77645606
7340672
17456716
71333311
45571101
85368386
7824840
60497422
41141845
77456341
36706145
75636675
74239533
29212468
41847033
74841444
9758103
36799240
18183090
22635026
92616247
34984588
29616560
9121246
62370745
55818603
39292608
8154561
22549683
56222816
45546160
84923630
10604262
30171182
74545192
10398984
32937100
13251361
41358529
69536126
22433055
82659207
32384455
96592573
1541550
5483378
57011892
83135194
5368612
87821599
6906975
57077726
94588285
90879197
73359565
91750983
58039928
37361529
62958010
21760128
74725938
11167147
81799261
38449552
22081593
18044460
5382970
98545494
83244455
40186210
50003774
99697400
14072753
11819690
31444264
60346814
85604677
87561738
37594606
62685945
54373394
4197262
84510002
48825045
46268315
20060895
23529719
45812462
43811191
59398063
90196358
45281393
22905860
31495023
81761865
79781838
92835549
29984441
926784
72077725
76745602
51437730
81990887
84890319
36857402
66951750
94064945
66477043
60183801
90590427
78226191
94613178
22215116
52908696
22381048
76066233
18358735
84189747
82472536
9966633
11619791
96266669
85326365
72029017
12265094
94484154
44534458
61217697
57596483
29502024
88690223
80526549
75983437
79851269
14346376
80849724
71852287
39593888
75470755
9996791
2887290
17246747
16280801
44149444
34872849
70334224
74970713
68144008
50332515
131198
28658487
6372302
32444048
66621219
42281762
48975173
730969
61356671
68551533
90784502
840355
54223411
43369700
79419834
36131925
90374292
53120749
70044277
46811079
50825437
44079738
47406658
87726382
29382638
13798037
84805475
59416315
17433653
64052224
60273401
68909934
75939590
76831688
95426361
13781868
12795499
9516420
44564836
53015622
93063344
8203069
3108003
5021432
82169800
12411958
80791016
81372278
95733837
71634602
5673628
14445974
14097118
30144999
50095151
58932467
68924307
86586223
59521106
58529080
29620977
13670925
28861233
38122360
68664481
51490150
26228575
40415517
29621138
36207293
79363286
7029661
73861776
62689253
66474413
53286166
12306171
69999291
74913901
43701535
83217558
89930494
43351026
25844287
64644524
49572870
30800658
21652501
67457897
80436686
44255657
93158079
90789628
75390896
39455084
61897598
13328193
32915051
7718841
77290935
11097868
31093730
92949948
11301410
79057084
44075906
73326640
43941486
60692627
99918519
82444624
42780221
86672710
34538340
76735961
47059404
1305119
77223831
23859647
66009614
10845911
76372247
66351849
29025966
21582937
79652458
94393973
51007669
59082909
40505626
88451249
95587078
8432043
25942737
86154527
71272852
85503542
59513650
5177778
9581732
43691028
31183586
59305584
48680354
81094268
93904329
24446279
97771436
15311275
3640291
72939906
66391493
23830393
68880832
61645414
43038532
89043041
2369119
46289934
3663431
63546833
87962303
28324533
87502976
38997226
35491825
69176466
96964533
7314873
12994900
73350902
86289402
41648055
43771725
63701508
44487937
35285341
47309170
50221123
90589824
79293724
9553028
77057183
98108287
12732946
98143240
66870742
56507205
51054634
5090672
6518722
22293374
87632498
77806922
29512254
4394290
89135185
40050927
91387736
51203764
43415209
90836287
86280907
53968877
44964941
78061175
51554698
88323343
63654732
21347537
87499622
29034996
42727729
68329618
88228443
94170088
9005639
24070096
74329616
32626614
32734122
77167974
16264567
70205365
17091405
87750374
22011835
188022
40132981
4948424
22001249
51055581
97709285
38651050
57395624
21386424
32048347
83297114
80124340
48493204
56632867
83398934
87190140
46111363
33152743
15715538
86979236
77136134
79000117
12372865
65164403
91100193
4836808
97430848
15607177
23376823
4485178
71360342
86255887
31213757
94086085
45826115
24408148
33134478
11265574
81438590
61642036
66637440
91953052
78619585
87397616
37468409
10209076
95042694
3892636
79635387
26325468
16133434
303394
91411209
36598285
77321462
70469946
62218127
40182367
20549055
1341310
71008124
36603059
95868997
67810830
13473139
10042644
75906698
96637653
74797905
37558858
32128896
2110875
98703300
47992328
16565781
51030581
32621704
96588834
24055886
81589315
98521519
36537952
1303955
14243898
50410853
77065007
38681092
79616874
75562807
10278166
38598324
66107850
27242615
48914872
98252665
81640759
60902026
5710175
93824413
94440115
24340511
31220891
24998912
23441414
85842802
36171899
57667870
93971070
7567539
42531512
70366205
49555818
72649921
34275657
56863017
75264636
24546861
65587392
82564205
55129914
52944462
33627992
3290915
23924269
74473675
17611812
60294169
57663707
47112548
60644843
95034796
3003727
23156579
9284734
28233218
71673360
34601953
18057373
58045193
27668541
7093249
20711363
80838116
40435292
98670450
45945261
5358589
94230562
27188305
91555372
61866693
51983814
84730054
13081465
86369014
61174093
22265840
59295341
6342238
10952417
38665109
71301179
10241328
8291223
39359077
7150269
97356177
75708905
81484424
12448387
55564037
95921911
9687298
27617583
35253031
35306768
90719958
80636244
86149174
31069270
97301174
98164487
35906595
55830343
79913032
66394739
16410387
64050309
17699761
92677205
73591845
59495754
89068499
50067106
3766649
21036094
45026412
27679811
62124269
6860126
58136825
57952343
99821866
92435844
41810326
1340226
20838801
8799445
160988
76764646
74631735
84510383
97488501
19884968
92917481
12273908
28121218
86083501
77852787
78279954
56549265
3509909
81928625
37493237
61291675
70151772
22132507
27331142
16013313
61094952
68453457
21169836
71128090
28999374
61338173
8683085
25718537
38833511
6196559
8034426
16538831
87355209
69240113
4778284
43032984
79916152
58515132
27127386
77223141
60929207
28304106
46764584
16755461
77491187
65563197
91544682
8061484
75505559
2427969
15094158
11279403
72760827
62621434
45101802
70746643
74577560
50149886
50390637
95597365
12538615
69629118
83574510
22116988
72787387
99471530
27031740
55147241
51953397
64063651
95390435
44755672
39131316
9301967
57152599
84407164
63462798
59381541
79904726
44372211
53691605
53095615
18543947
9829534
95699144
23221876
37104069
51863635
65017184
12409751
63872243
3329788
20241826
5086155
54138718
42917549
29316079
40384749
4221193
90776580
5008545
58552247
76227123
31156220
1686989
13581400
78712733
43258836
46117692
23860256
63881357
16847150
88062536
44216101
83581200
71081287
89101162
11279663
93083020
44833912
23143690
21868292
66492932
20925685
64926336
34654989
39954646
93458679
30301471
56478071
52160910
96479091
51946838
34482643
36289273
60824245
70321005
70786002
42124618
93593193
88752588
19791766
6155007
33008572
82623081
83854479
94698507
49005229
68283092
9510789
83476691
2456150
59284621
69210420
83652527
44443843
45284824
52675264
11486355
84138047
71496355
66305600
53194134
81861865
42228420
60270748
29906733
31219768
12738758
2666423
88468836
78067249
46770744
95990456
24293551
76916237
80189409
53125029
50779287
69781134
56538631
43608492
4488963
67759461
73833752
19218963
67951050
95610849
58766625
38824362
48354124
67050618
22671155
36940584
98858448
74100922
63064930
12012920
16251978
68499317
56453419
98431941
20697637
50425651
39047837
84445661
78126700
75093293
98525564
94250824
73365476
68742482
55721052
18246802
8666661
7240420
79713810
243436
87278163
10085820
642211
37192521
39078530
58125999
49928855
51876897
82205935
95456598
13662471
63820948
2592942
60446859
92341669
62057478
61062098
55492399
22222648
11725694
33101182
38409844
5422871
46989891
74667075
91441306
42610581
21698852
40045284
63893654
34023672
16192989
65842871
92576568
85311567
36058975
96639648
8749477
95365432
19841069
28724174
37253547
6497684
78603793
27874190
52871420
49287626
39813873
44214874
38700998
62691208
26788389
17157569
89499132
61718305
52211469
84690030
60366941
27228329
32351831
57064289
32681453
27718223
12943563
27157052
34009919
60865784
75936486
45691873
13955545
55290968
51392923
8459522
10518275
77628289
29271555
40458113
5801079
54820557
18115682
9901702
56514423
25703254
2123913
39684844
11138255
62466410
25514178
37130744
8486141
59337806
99529892
11008062
64971109
63276462
61783894
10176357
41581581
98011482
35890075
5418160
23524609
24777945
66846347
37186206
63763813
13914970
11526509
93053535
3979929
22551359
41123570
3931861
83641602
9851994
41506733
9456775
70325378
48934340
83663000
55027510
72495119
24628564
45759505
19415429
48960893
68659055
62089730
59941520
91085429
74194156
56066305
23672254
38107518
9449997
73510822
79753047
62238599
52375177
8814368
94011413
16421178
92632494
45246488
20117027
30825170
87800484
64931219
29060702
68545410
67088526
21317032
43944177
65395591
78404025
92588955
76237117
36326065
88929941
81023887
5270174
34043090
20817373
84347557
7204333
46609039
74629560
95919352
65129695
19917707
54919146
84937210
4418750
85621432
51543170
37782552
56911830
16714861
12964841
31252561
62205554
37380004
67085676
11142338
76755087
54053491
41948078
2147290
32138323
18952071
94278887
2997002
27327333
78768364
79979056
20254059
19117136
24195466
95186151
57293299
1514066
90140328
92146015
41125775
18875197
4869193
65890453
85652302
76946494
84154260
13555039
12510232
60826162
33568011
52874202
17793837
45690569
99682352
52733466
96541444
72065856
21686770
54039938
46210100
10749248
33516958
38112222
15317528
23336923
36543217
99884169
57949138
86146296
51807965
38918783
98225177
43029627
685613
18435286
79328947
42107276
98746234
91409549
7774525
27946737
23734939
47395453
84913690
44148356
78385103
95171996
47566606
93173251
30698607
66899170
95559059
20653995
11551020
75464846
16651475
61781479
30493463
45938932
96469449
36448264
92348390
45937140
60119645
65783674
11069807
10156011
82612324
16356723
19303817
64622563
20774243
22156280
10999159
35020163
19485815
19095888
8424515
91152838
62984786
14763618
27738662
28074345
36901389
19597480
69680164
66047543
37981408
70103460
19380049
13509674
24841747
27014945
34713684
86297390
3599279
5129197
64901562
38637668
14197424
33596863
64003090
82959215
76676464
45507782
86909342
58083086
70222912
87931278
91506011
70171917
67088448
78746716
46696483
67281827
57912025
94477549
67867366
69773147
9393835
84495580
58487341
7954329
88883669
30052508
54424574
3597777
65823265
51379539
89638375
40066715
85998340
27430938
83861666
51181991
52766661
36561352
36183462
94972697
73001912
3043917
83008589
92521978
9616637
89391780
55805947
67905356
86033239
32570129
83078241
49618758
57300293
71863955
68902869
55219562
5544330
16660435
48792710
41603584
87302337
70057340
66849966
26905945
73855140
2309702
72953393
97441824
12424917
20404383
47880472
11017537
76066712
28053637
97986703
81274124
88591614
38742745
40726931
5897440
42077602
56785458
10079600
25851528
9779614
56039992
72517080
58124955
82940139
56476776
21055568
3624689
13292644
49783658
37805894
35797465
6387136
87918643
45947955
56917906
65018530
19529926
55549925
49486468
85181705
52763080
38355356
5050612
59316709
31546390
36105845
40265827
73260964
53871453
19057184
21570765
81803176
13526513
43121004
8990877
64982522
93071701
48445002
56078756
43756057
72981237
28639162
15666386
45364367
69062490
89590274
29733327
76909954
7583499
9940614
70447886
17746717
16388391
71290432
21083985
6230810
17391186
35362001
81811422
98059979
19699884
96885108
79342579
21217640
5459867
74642518
98879649
77427099
45578816
38235958
18340034
1457897
47629034
53456624
17685219
92116627
6421987
67039873
28653358
42762725
13181380
71307027
65094028
58057526
58591232
85800154
37907031
64801843
22368837
4963448
84697200
86772454
86798925
53824555
2869156
87269421
37071384
7286045
79434657
51816086
73759182
57457677
1870605
31070021
11314193
78280663
95109043
20447761
74790577
7202884
36211010
88383890
2534827
46524717
18820116
38041179
98076907
56619661
31300826
94264030
291958
4132615
76763577
16803937
12330173
21347054
88537161
48290546
39005435
49509228
81385666
10217842
13216763
2777359
21610414
10250880
46572477
16586359
64123457
34674809
74101531
90191123
65865803
31012580
55446010
41559479
70288343
18601894
58591316
98924787
94695147
25101246
99124338
18930460
14897618
10338020
58257028
35239409
55073259
8209329
30958149
43727469
44984871
68332185
72558508
26421780
7756113
59371822
47011475
39609436
80012456
97193033
61997980
58667377
54047253
95550022
92673657
42823684
37334872
43333520
28041124
4535380
31784940
86600045
55215213
41790534
11687377
21795139
80670985
82261263
70722122
91797051
19960651
96778661
92183709
81080953
38725063
10938893
64691520
12733626
73688634
46227603
44911630
71504689
67347294
17682320
72989633
56737979
25191213
39736960
49703844
17705532
32064162
65264411
84824104
92036930
87337377
48019135
2856404
92194348
11614748
35085152
51801903
9335868
63541650
33645538
91691067
66328598
29045077
56892344
27882681
79397174
58975551
41106136
82668164
55685898
50520120
59221308
50507172
20468749
74586626
42616967
3090279
71551640
99022409
49728798
89522877
88218061
22165981
63763120
23469305
389989
69635942
12858572
17817047
20551433
74308177
13229257
56706206
39033665
95326737
13680086
56122285
62338086
87842176
72618735
24418570
48093596
37470049
32608601
19302549
67182168
98678568
28718448
48445372
12198855
13214728
783214
44867644
34649938
74995822
62317567
88504534
99251727
38729198
87602873
2176875
71176638
67377210
12596545
59284115
39027009
79034112
15583705
37099946
9850483
95839950
58838237
21761951
22658040
68760153
62457128
3100249
52110048
10437601
97911541
67027813
14895597
39211356
74351076
26722893
76377556
54944556
23198405
59514229
62889798
95701376
37917531
66654659
51402293
27749713
19925128
85201117
5933012
12472949
25473769
60080128
63932789
89414144
50507150
2230283
67119929
1251818
30300822
38422636
32710172
903349
92163116
57073529
83359750
47253990
18835213
9372066
19020864
54775558
26246006
92116302
6980803
25357668
59027328
89989606
69939581
47258618
58810383
88434311
12481962
90154975
67887410
57547131
86926250
14820268
24604800
87138139
24930324
22157669
52247105
51296249
34198262
9538609
26590544
24715244
38232785
91412796
9161287
10424251
52150903
37778946
39249692
31510454
88006297
96699895
7378456
41758920
71392035
12645935
46837001
58277644
19479574
53566444
69119360
37437666
6683639
27724023
17149717
41878329
99823707
39983888
97206528
50716310
14386462
4928887
60327786
70809190
25131289
58341732
30198989
4319203
38328232
18225599
66735920
89253962
3230048
58530905
63264205
77011377
13044607
91720917
48414407
30938060
94268987
42577575
32706716
60332230
5610186
8281424
1542377
18101625
45876428
47844085
20791588
54705640
17966929
19976438
67206250
19404114
35035914
18257289
17739225
43752656
81320032
7083451
8822951
20822366
62347756
23901003
75531342
50653351
17813028
92741240
31250432
85209650
87607250
57779108
15611844
99802711
16094303
1559773
81067511
49512847
40206869
61828841
83880387
40267077
28772597
61387985
81889527
65497655
67983007
36834963
59594461
49210013
84040103
96798205
6968186
29928692
60096718
32207372
83707554
54892814
16541437
16380301
58137875
58621333
24025151
54208157
42407364
88565529
58595279
8798939
83978003
1568094
37735563
16085495
71424928
79933078
44185381
85379333
65758923
52651578
82535001
63842973
35089685
94387404
91839219
45024736
47248824
94161496
96297314
59062120
20046627
85718081
75234792
97525863
40715703
63115305
34424318
37229949
96334844
45675102
7594945
64711061
17154360
21664172
47510447
61021182
4012220
83131836
66145975
22271307
60969711
9833499
69744217
82954102
40730160
18748240
48696783
28572643
14178881
14867240
285518
22826471
13262968
5505366
75727465
9701075
86454193
95920626
93827368
38820779
98879694
68154874
39708229
69677788
49516933
97662393
55905236
4834200
2772635
20999129
3984636
73288588
77828951
28439806
34933279
71761066
48653391
97617313
81906315
26107454
46867299
51774011
83810275
36968928
28966634
90155888
14800467
26221481
52798278
39668017
66316214
23866550
25412286
58828415
61440895
69394599
46597261
75414524
81142831
51595902
99165039
71466858
22311818
30499361
49264245
26626309
43212294
83053422
4781819
65850216
60503008
75631036
14854138
41706138
81113001
61337438
30930027
57695899
7698202
9457039
29533684
7071279
46113290
62130594
54994346
88546581
86834377
2002764
15622631
84076766
83136777
47317697
4451522
70822342
62674710
21509751
16403672
35360788
35447790
49321917
89576078
10686924
54632474
22548566
52704170
66749019
63070246
81256920
54128090
28735401
33678730
72103047
92840950
14827523
36172507
95481677
60908952
98742963
40564258
95786222
94722766
26330393
70243561
86083799
72707914
83367395
59901205
61304365
98588003
36010920
54940523
45426487
40993307
8342045
45862444
18391231
92876146
10939109
61950272
17940238
31360114
80164479
67478252
94412799
38415585
16281981
44202156
5199981
28211858
50751004
59784705
77352037
67478195
3662541
97505400
8843486
39517610
58379174
76686546
56519771
40981236
52860917
7105760
9696800
6410047
86507046
95144890
363993
74144227
42797505
30803382
62804970
91843859
25764072
32535185
22479449
11388325
52429266
91084525
81923097
96787535
18260741
5230000
85613036
17437068
29330740
90387438
96035035
42820491
67875459
67319955
27687288
6579306
73675378
95186913
33332294
77989518
52752268
95826506
99335061
579289
11456813
88108604
52013676
81603989
49929840
4485150
13344140
76431301
99367578
54620910
85205369
54531697
63713633
840643
32265856
17120005
17880297
33351491
2250838
12040017
78977471
93971113
91075016
96011765
98445221
73431401
57869951
79134028
23789238
33561098
66804077
14429063
76500922
12893218
53936794
40139358
59531427
20279121
39832755
95266641
6264863
7863701
70002342
71023789
98143296
71935299
5938633
89950486
49756329
60895368
46864101
64614705
9691114
82112392
58973499
68011669
85568877
31731668
10672399
51240035
72242606
66938777
83236969
20850775
26585462
15332047
1646279
87694840
86729013
90744472
49405863
17405372
41221037
35512396
9516122
57444811
32387627
41272030
56294245
84560402
73720663
71032651
21837626
51242482
34564990
65789880
8527506
46261770
55830318
5789692
81733267
2569999
47601664
81642096
44560694
16036296
39764855
37459814
45883537
9930049
82827973
37490705
29684128
43834555
65870390
81627713
43595288
18134271
32999861
10226422
72712942
99585433
63360139
68097100
96716600
28381333
54399764
78538328
8305336
85420251
27474280
39988446
54910314
63687049
1322974
28552582
7308085
89427393
72969067
1417082
12371701
44500458
53181550
21683560
68615024
97952557
44963427
44138660
52097244
45611956
5386855
6808284
94911694
23524818
3931638
9147625
84528466
56879894
4472086
55093330
38848956
176049
13518723
34039582
35098138
89434437
8930108
64923431
29043515
72284881
76073365
57077092
84937267
15829394
4273414
42459590
50611875
64113659
94303327
75176156
14234302
75816090
47852297
14549255
14908590
84978493
90241336
10560545
66360100
1096444
25474966
92785362
12284612
44829269
66882080
26720209
26455764
69925274
47089070
88166789
49243715
91586800
48776898
48353643
46750923
71616477
72735945
55652550
57091467
6610631
21532742
86451914
51231286
47465405
72298648
42674460
52752721
23350189
19309327
42884253
28084535
61825615
30279366
8504574
46739960
17097603
84735274
39750603
39047008
53636008
11994271
44160763
65983865
13939796
85561200
13294474
61771299
5810186
45268448
10113383
566581
86354464
65827087
36309695
23449250
68582455
91679276
24679331
75883080
93719368
24009118
94212345
79002300
97092507
74057291
90307222
49877591
62468394
65582755
96817579
32670791
27162216
25712915
90495944
77341806
54949003
54799415
90778477
87759180
24926816
68982027
6030217
30166105
51602680
85345124
93881118
92058794
72175797
19523234
7205000
2612739
84225381
34997509
99042693
37274390
81095731
91738400
40320918
93989311
94243216
92458877
32968636
33569900
7307698
29848279
31828192
973545
94057936
97181736
1133061
81630885
12174616
67374761
774455
68331867
60007428
56384134
5323078
27010549
24858460
40407289
34074735
73422049
18666402
66366411
52520650
82002974
77202511
42861243
91200000
52563453
70013926
64675597
37629885
82778289
88691160
77501611
62986143
75056947
88736985
98835091
15684776
5930229
69088453
99407885
12517528
73594753
52604841
93431454
3646927
94925506
81918491
54773270
85547491
92056894
79791619
84524854
39125397
45171322
81803575
32026618
80836115
17569520
23051700
73946853
41839427
97236340
86149584
10384532
96983735
95478238
6402017
50129416
14818521
91558249
70766592
26205876
47753783
91053485
60237866
65456889
21741373
55347716
82806682
32048844
73767237
43802053
71771516
53157687
97371965
7473086
6305822
65517468
15375865
62758859
96221483
62618626
56966600
6355607
16124971
40648550
50359818
92078044
53835263
59257146
55859181
86079601
85329027
85492832
70199990
26503739
84763919
43301145
8789661
8069661
7285498
84851856
80126812
77877630
50970274
4018614
23176065
12373581
30281930
75475451
50924845
56917452
44752391
2739724
39752339
93671198
74965041
8252141
40847680
27552065
5788280
54086928
84703466
62584714
54576440
32169264
3713222
83658092
34763941
52540193
98267664
50477478
65211944
54056531
65266036
83443503
71886792
26469792
9778482
20131851
88398845
6477843
33217635
876612
84186511
41004196
14081231
3104751
14764684
47724000
75764293
22873327
79569154
57359683
27661784
92579179
61317134
92746740
90206928
66430235
75117524
83300083
12349738
4364499
99125432
77077059
7742285
74290088
2815971
99525129
87081407
42289655
16554944
45273354
56168483
15605542
44892349
29065902
99764387
74176281
46339103
34747582
60466384
36961966
13673557
76805902
36313243
90490907
71037135
89912160
26912351
24190555
81326764
98997249
87580661
29756909
87176585
74728058
27056496
41589446
51519878
68443798
60136409
172302
61624131
53083348
14020365
49814427
77714562
36303759
65740256
81967324
14983808
14418241
1553721
55964886
18302775
57331095
25813533
44179006
46800467
43014238
92753396
17776064
22163490
14630939
65728961
85163478
55667240
23787013
46575819
24776460
93519855
33223553
64432550
16446194
72930285
87301602
57369141
90444147
91048102
81802979
58636097
55142688
34763131
66784618
43071801
83340506
32631982
12058352
84663382
98101700
80037475
45983269
71683105
15144935
85398216
73823298
88169438
84009963
72697313
19028257
43514817
79918748
38859406
74946147
33522704
26774493
46809828
55348010
94734977
88691034
35052803
37651783
41209548
54985388
20145
68984538
59280227
96696221
61015936
87195793
26384363
49412429
23947994
11376663
16116748
17358610
5404505
7396651
61584257
15109988
86645040
2953166
62004351
69374870
2743638
97406020
47199448
43604653
38088839
92571954
53019366
99462852
49016194
8625905
2382428
62414671
33586376
41597275
46191380
86988923
68699183
83589610
46536230
57481104
49039940
18949485
42700304
19805185
59439138
67147905
25600743
25790064
92902873
47156754
7051265
57042184
74748208
81131016
97277747
58311311
54138371
53767240
34594953
48033207
4378624
14681705
33738262
50985680
82785397
35423017
49746265
10731383
17034624
48515809
78062520
39010772
73863281
58346574
23257416
50557679
95670930
93482893
99171592
83134670
9110541
4246592
72612580
91203598
54029859
46683145
41829099
64826703
38582749
38088952
50603669
65134669
13795007
5932966
80865605
23441403
27865994
43705740
37036584
35573891
69472631
26244762
31022383
33570201
4149688
48639318
3466287
50588296
96470916
28931658
5118366
19026255
15071991
30173776
40483304
85804558
94665128
16100260
43220320
48804389
22585918
58658505
38710301
26634391
32644835
49240750
57770787
18849557
67874121
50689934
78464690
89163896
39000695
24381733
43645092
63451682
48690010
90895277
55317255
2915218
29358944
7875608
10055896
85363193
17267235
47384768
88206785
21849659
38613263
31380518
14489889
57382252
3827039
21642313
31199709
53210354
94834521
77569639
86647144
43602960
74038221
68205109
99829734
28766461
43974708
39783602
78645116
90043486
90024936
37263066
92567602
86689756
95234984
21060266
56513243
62496390
52377685
95416174
55336440
7135053
55311182
81782021
40244996
57774719
22839699
46155223
31027884
19263974
92946009
94543101
20239855
42399573
90588527
63836756
39399417
76759928
29155640
27600022
79386692
95867477
24134177
91943272
44543908
54168796
76396902
10762591
32101766
39727032
78166604
56124397
99394204
47318937
56446283
75798385
43516599
44044952
16186269
39062310
19954929
3975614
23404534
52731295
30974182
17153453
10408383
18407085
75334197
27191319
98770113
11642440
34790363
57638772
82118142
45370505
88929918
52175247
71825660
75587537
2724538
82546638
65719628
84553127
53765215
99281151
53817588
22844233
46679829
31626761
99883037
87272337
30006283
81470739
9765438
62578470
28722227
10431466
52301239
51558733
33561615
65329949
24068634
86367759
5487145
5905795
63188134
49546057
21422302
321454
19991949
46058898
87426151
73105354
82491265
17546937
60585828
2947036
40969231
71732553
51526708
78207464
35155040
37520192
9353406
93033909
70968511
35020545
48689472
64770195
49662934
51297579
2592860
57646221
20714118
80647932
33730077
82714778
40454890
89745558
46194573
40587530
65955892
87632717
97107328
46120497
80302916
13497158
56529809
25049366
78306650
22340500
98970007
13869470
98647977
3130451
749617
6902807
24719929
14857582
7999721
4236097
79409375
82053864
9110663
29335871
41478126
18206491
24434773
18301266
90741052
85418871
58481953
82214352
59338163
11051495
71390952
75155447
90448603
26940165
33074242
37015117
32961723
51570554
54298677
92434494
33592822
4226604
16986156
23324719
69639669
59831845
7014186
28932996
10491494
55502675
27626019
84412126
8265826
94389285
69285007
18770560
44559021
82813654
86078542
25044549
72052673
51589819
52926315
77697091
38955098
78990388
77893851
25517025
95303515
86100001
74044670
33175918
81276659
97437172
31451082
78529157
16474238
70477093
58725589
80492778
40894802
86201913
60606026
73856236
66733863
76344672
69474560
89886520
33491331
16398905
88693042
98879040
28510024
23381369
50988217
50435480
48061907
53274164
