38860429
22458126
57696816
34396838
24329633
8963611
46883857
7632159
69769723
36863827
74547021
80940069
44000179
19815991
31435023
39385790
36777763
51865562
94779232
25506678
30206373
2746775
81981707
99633545
23461065
85841810
87404721
17542971
60068592
81114536
47958190
92204463
51928423
20515116
64241245
20332059
70608091
27948570
2128231
36800666
77086418
8019788
58342570
46043833
82666676
60741584
41421320
40884744
95949535
54454434
23185071
73539636
54815758
84338089
17462762
4433450
66464934
40650138
24672029
24095706
70439910
77102864
22822451
25358117
21334820
94863227
60170078
42729519
66922630
73600312
85725341
70439616
63797428
83247832
85496494
23113590
93352225
67807808
90771519
61192828
24304104
35471205
20335705
66311656
45208686
13594902
49343986
49189743
88233047
85201234
78313678
4909095
22473021
64432648
29292087
21570102
58018164
27146012
67702913
29488100
6405977
57356108
74484710
55085493
36204448
37410603
54839809
12977647
50189957
97722077
43285320
68919621
24963974
8019103
17318264
1346521
51280596
92216723
5325070
30876687
51931261
7207605
78830378
50459180
99439534
28688517
69330097
67011906
72377051
13754450
14714371
19166298
63899909
88930377
63553017
19892532
90091621
5131879
10680753
51964692
24271512
346136
48504447
66802844
70204373
22978336
23677633
12654376
69321810
46010670
11297395
5972125
77344951
86471754
80261959
94572240
9877070
42461839
80215103
81588373
54677872
94690268
26767587
55293132
85193530
10234744
85336281
19993471
26334539
35760410
36239939
31907101
12272039
95764095
69722963
17011909
91573748
27034608
10277941
44515876
3367983
179533
60859132
60004402
82164777
34198203
68048533
80000185
48953074
53024080
37775551
17079792
59060570
91532258
84010098
64728125
44345205
4101552
64034843
11191256
9780804
80643421
63330972
33394181
93492833
13266857
68841721
99528460
52953850
53506593
18015302
74165998
2248931
62687247
62627076
6825952
62671805
93826287
31687749
7702499
92779004
45831948
41878127
31684684
28797979
44795845
56789452
32248072
6348081
3627808
90742881
92325871
52138267
1752961
78483120
25623774
61178442
40959622
915603
88247808
26238087
245276
34758720
23581751
25738775
31852590
42460285
10972931
49187976
77107765
37923192
75967348
82751385
89748238
72720895
45218694
65695404
59612960
70183038
9328892
43544077
56245033
26186261
31796811
39302412
70723821
99272223
73066368
81528586
41922103
82108747
92294085
63771589
622236
11573069
42984889
87383141
96131211
52903326
41033148
59084906
59494456
92798677
34560796
38272065
50809664
19892924
14707279
10712779
44044034
84966133
49861565
45873273
79788777
96921240
41261120
24608868
16379574
14711241
1913854
98382169
30175908
16341740
4996057
18428451
53400452
95261658
23391434
69786378
12289549
57041849
40970967
71796550
32845743
15670077
46934715
52827423
97473127
9929250
8199822
96571481
78450573
17001296
27151109
90710216
96143166
17217282
64835702
33768106
77377178
62504300
73569401
83958440
13624209
90404063
70259131
7357847
80773997
81145516
59637318
17829016
58035837
63390772
53769154
80164959
20686147
51249014
31243851
7817754
30745219
78101785
96818519
86638995
63106198
73876385
70094791
46219235
80498751
60542406
4942931
35685287
25610965
20813006
84160101
31025390
39105305
85274261
44870922
76219825
10933090
29444956
99854128
33036787
71906716
96495997
82838336
47967856
38188043
98030219
62925549
58623206
22196559
75485480
36856371
25117673
96522723
46509582
3027345
76254544
99865677
23856574
60189558
34910429
20256509
13768966
89631622
52508406
60350636
63267411
19828090
90996004
61550201
12884419
31654143
49594834
38584130
61820241
26945503
6850630
69582405
62105091
25073275
75735562
35498488
40063787
82882038
30748419
23299932
60268485
82878976
30114919
30745923
37972423
8457668
14943325
80550636
97292762
4431969
86852055
45406753
400985
53824860
65056029
26252898
71600220
24510234
8106836
1645795
14980266
53734048
86198557
82020544
21853929
64338919
49889333
97733434
41039728
85432568
86504831
334283
32734119
4360294
56344590
67871259
57377124
50539779
60873298
5094396
96440066
36631541
24475867
96620215
86147192
92848443
77398181
37979717
73481864
94169198
11108529
41354533
93516750
80749320
90736380
57633178
22367769
8579836
71114463
46194915
87803282
59760402
41691913
17375348
41685201
25930487
60280470
67430911
59154762
41422094
18936296
44744053
91279741
8870328
78265323
90234941
48593895
56826623
85829018
62042040
59854456
75168553
42783977
23221824
71495205
74780547
91449936
49614003
17237247
30376156
97132605
40842252
81169746
11056462
92333994
12269580
44162256
48707167
81192575
13935246
65298892
22297668
30761689
31843630
26777091
2066657
93584348
14232818
84107963
45734486
80821710
83216967
26714290
46710618
13239354
4757953
35567390
32751441
53666554
80780932
28849616
1604352
6477632
49962582
76842082
64177794
27678006
20399356
96718513
32020850
79428666
42556740
58470332
19402474
81869453
77163152
30578233
67332403
5091827
74536944
44039707
53014932
64353619
59128306
33135216
7313986
75904001
10619263
26406138
93451625
19297026
72593031
38899364
19377460
48738606
20723490
10430792
89129537
21342306
57199502
76986591
59490694
24267880
57377732
27537471
78569961
1679503
80391468
52548912
81017859
77138170
32704602
25949616
29034826
72708708
38930519
60302123
12929255
20259048
90275557
14033374
69471130
34061242
63562600
42655268
57927380
19367465
41474938
77929706
71839841
8526292
48612972
15045904
33381343
66675176
3474656
57573680
92824096
6693883
76363852
9872203
42865979
24150623
85024245
30439332
93752919
44436371
4053077
44794498
25598931
76812910
81611851
52216845
26784993
34640336
25004273
86475875
34588534
59789161
13873876
28476383
80987770
66159914
21599768
83737430
25590751
66572739
72346452
68614797
98071323
48531851
79222476
29151157
97002783
85479099
68350965
47640268
74872398
50296677
68842572
35512815
26967401
16133820
61692795
12771977
80786043
20652082
79913463
61419196
56185822
6931664
778424
38211120
55877438
24148912
36502850
10763589
76097580
79782534
64610316
28356666
57658799
55982340
14713783
42579487
95476229
49582547
13278169
11380498
17662491
12106855
24874293
92987507
28065915
5705817
47533160
19835807
92068373
76119289
67531580
76492145
68569808
80696862
60781898
34523383
94499791
83500142
45398355
32465099
64904818
33687152
59506403
55797580
71046333
96698568
29515540
46727366
31757143
62468256
26411843
52512392
8708529
99607491
93500412
85237540
51104970
92116116
12930666
13878943
25479766
53550025
58629637
58439328
8147634
83710997
87229618
49259845
82621913
69591763
36715323
31800714
45592364
33537232
19471099
50870590
86969006
31138808
75491103
82147052
29634537
66536808
68036578
95252398
47019911
80548086
86174747
68850492
64438455
96460450
46664008
31080354
38337550
96846954
47711429
6890001
13876724
93552512
89841834
5499588
57527800
45364429
48527351
11139314
38326012
7891737
72550529
1236184
54442434
99268825
35596441
5576265
87805051
81500887
29349229
71147104
87108866
9042428
45801458
13085320
76583794
65069259
19251884
85106239
30525654
2680953
35858258
52715482
45624992
10774777
85426080
71444623
28608096
94635229
41002658
29400053
63090019
90902647
35244689
78666283
60197858
64713462
15762110
23991185
9407706
37598465
30632943
58656848
25869283
59179246
86149459
27868679
21093805
91797938
13584152
40820960
58559731
59374046
89930793
87962551
54674186
44645476
73237537
9945043
40215576
27697
22930555
9236387
52363429
78716069
37641807
95106470
18008831
18221941
99779497
74249529
80531617
78382597
47297201
50422629
21234919
4078006
16907556
53497049
66646367
26203082
81367769
29478305
88493369
88152468
30482392
95869426
88302250
58413225
19770658
84545035
33056004
93240528
60480990
66313021
30160505
41849487
51708540
86800901
97945698
91164293
44877204
39153131
77828262
84295037
75298767
10458567
52929920
39303694
29982886
97598640
75350548
4333603
63737515
81838916
72433744
12495119
87473706
69100044
54130252
85305163
49237670
69286082
73315270
7516644
5969980
41492240
83334423
79736434
6934725
75048096
14857500
47803590
46278760
18167053
61459559
67028833
20862307
25757083
72461542
32953435
72832204
74697682
26862141
30783125
86786404
80696409
8343945
21307983
11003186
57369232
78727674
17005643
215105
59609291
79954894
36449292
2478740
5248386
65262848
10155869
98646698
86058202
2352793
87975732
18719191
4232166
55862874
60333125
64372785
72812627
73552230
90914349
54861486
69280201
48550783
6211922
35788165
84805503
82321006
68477830
50516229
13805490
90859219
97909310
48195449
4963034
89745606
50238242
61033848
22175346
92117571
17099815
39236595
26982770
81278408
96264159
46347024
6885770
82316848
13343022
73585011
60297490
22888760
80126673
16159531
44275581
61517571
58886010
69215110
64940977
92369958
77512606
63290600
20186414
62240447
42335222
75153826
68520079
60434627
42358874
7457223
66065919
72200508
20726910
81921886
40584823
92027553
22970198
3885135
31427385
78654826
79106539
6351406
99426800
14578990
20856289
16350839
51466975
72833854
1628468
15969054
40177732
8031385
56926476
2081766
5788471
6044428
11655231
50448667
74953079
58785583
90643420
10562708
1200462
78368443
54399703
72411176
78202830
10664402
51997417
92466674
54486917
33271409
69520437
78416879
98041249
31972171
85331939
7837749
59481259
95594486
59624894
22923256
65961927
51394478
45711041
53034163
41146602
42222289
26666400
12392215
93534201
28427222
84188629
8188471
92489376
10388853
88220017
30093225
58826193
56024082
636039
10061963
89804910
88203498
10050497
8063889
16855185
72797257
66851652
89776550
87675525
50384177
13637741
48842158
18813359
68826459
31775368
85159990
71897254
1149028
12199998
26103411
13259029
99650561
17563718
29092336
92422630
92050047
87254650
13426176
16593683
99778218
78861672
28524430
20792779
46385446
21898705
48083989
98075050
6327932
68829007
32298110
54496408
22822451
21257343
95493101
71615073
86106514
19666536
92567341
30607292
43945829
53753169
77256056
7523383
13514285
32123819
19119504
47436591
38945318
17967715
7154245
90091995
38648231
68443350
81230927
11474185
66630967
26584811
3617652
54395244
59561327
71894123
39049525
2698682
47290736
98070636
69011283
18984087
28314078
46712625
24921027
9640073
17994092
27483631
10365817
96077197
56553980
91055244
32186954
62538378
3377963
32285329
70142741
37362936
97306170
32176005
81098024
36461021
32297717
4434928
13525369
60643135
34272957
56843076
19450821
72543899
21081791
28786295
33959775
40154252
80042686
1513451
29978774
24098396
62982317
3749548
30860381
14049654
27415081
46963062
1421281
10853732
10859611
64435484
32237456
78450906
65745379
25372343
7864386
78515916
84273792
150201
37504234
47943181
28220040
25099977
79328993
20392910
87064620
37498475
16789872
53616485
94213496
36351085
63475435
75809765
85463978
82214599
38772830
33226386
44472288
69138924
2420892
60270967
37227428
84036226
97483567
32669505
45262123
73009540
86505965
47459276
20298066
47991400
77480406
64937078
7640311
21467091
51021426
2094065
72118808
39696611
92440661
53177653
2799619
76174832
18258713
51912569
82722917
21109352
3870614
29083562
77746979
90237702
93358290
77544864
1817067
95442361
59944533
4752418
55175286
86121479
97649483
45435424
48938333
83283759
65710439
32119002
9577232
55263246
34018321
67529396
86966463
27042025
28943816
86510825
69436264
90826615
14240537
81952952
27341376
70283413
55648171
28139191
38151013
54325530
82143601
58804414
83740355
70601458
85926642
83599786
28955888
60569813
83618044
21607717
39841015
85948021
9639204
10419923
49588361
20901983
81190939
41163991
74051384
33022122
24949970
50295028
76876814
71857421
22844226
64707860
75116772
76530072
48451606
12663363
95791927
67609388
3027794
12889275
60166731
43757513
85759244
25480187
82102843
74096593
45554698
31597629
26733530
39881353
30274642
6341795
70765615
42486773
10797462
13066438
2669060
37707300
27282977
11388221
60749333
13323971
96399782
98272846
67197159
80771424
79724282
59808444
68117652
78660600
1884317
21768000
4914917
43348506
15656041
34484814
47103389
37309920
86133737
51568000
92612422
32241185
60071301
22353819
99120229
53768593
74505956
91541662
24561451
52823753
37845847
84396796
7894379
53276456
47771554
19258022
50724268
24212233
55526257
89259221
71949293
59461007
2894263
62883432
49039980
35104079
56247414
49741209
34027230
91545491
86912075
69987541
83532307
25340909
56438020
94579358
93899125
21448328
22360418
20932670
4684246
39880171
88003859
463473
42039179
88618080
77848443
57069140
74705962
57040259
82034773
85495128
25725072
86466649
93239935
35803649
32646976
55886817
84444928
96175141
6718914
42630533
19080134
76592333
83836296
48106874
47748657
93016169
37733942
78490042
21532246
88426167
94926301
46412777
44284324
16991407
29279073
47067535
37455585
10492211
27284290
95765678
50784136
13018484
52623124
5194249
7572374
12621590
24542382
82895909
77061852
84611707
11041877
51073168
33645198
78445209
48165835
53700993
16357492
27340455
14345111
89736143
91697354
70123654
44032434
33876220
66832109
53852807
9575239
88618630
88155025
77251572
48397410
25688874
54215908
52546614
42893657
68517705
10264588
75513848
77573633
96761572
4955839
87482453
48775865
67741121
88239208
36785610
57355654
61014618
33745957
36708081
45809407
70045847
11806061
93868867
77834739
37147953
78912774
2699251
98202690
61938353
17920227
35407209
79915609
26673630
62598498
71636674
79778354
18127650
58831773
31113802
71626699
64539481
48146362
73166890
65152717
58185460
97257316
21631153
11162525
81337382
11109802
11460618
59789281
65004159
92725535
99606352
28895874
8006888
70708643
43363978
77656341
79036127
36916769
7558602
98168671
87897247
50210528
37079969
55186800
75530516
71989680
88571104
60257485
21185516
90149422
71788685
81721069
47960586
9327737
20082774
71336152
50845656
37658517
98124372
73556137
96227130
81074668
32423016
23467873
12398131
36093730
85024038
99530383
27318021
46517523
70391776
10055944
11346420
22827736
80704386
78584626
96101850
62133924
26724919
754595
89957152
20342616
89347901
15957664
54394281
17665143
71550804
41347157
12731352
89325438
36052323
21329618
82626825
83335320
50878953
29353452
49799322
77443880
32353311
58818648
70136317
37353454
81333413
80063464
86022678
75697866
67280763
63605225
58665389
8542592
34670281
83548942
19911137
84840512
3754772
9427119
35756478
66519671
36037530
8910244
44857136
24001914
67897098
25721098
65789943
1181477
87402028
94392395
81093711
87991503
56641178
79447944
23060132
44960705
37380323
87801635
17248438
15885082
10924642
98059329
38690971
16721066
34115520
85063321
50761817
51432835
60914241
52867124
65625841
87053003
25779759
36477963
66429906
92109403
30280771
87024022
36930601
214019
8783163
5494732
15418416
78502284
2760733
50892278
89557298
64376572
16104137
51587267
23802846
89828792
21706957
98942077
37671091
78726206
49007042
77897463
93076102
13416265
39283980
44826677
51766261
98033033
44116625
63171278
87995376
9111977
81555782
74997798
4496241
55287372
84602221
94177453
11261774
94220791
87845656
95209892
93915266
13154622
8670061
41701771
88766195
25733122
47746990
11012747
68560817
71989859
44847412
27286089
53363015
72491917
16353336
96203418
67435775
78912475
71760069
44742508
57956918
98957044
17682749
77787205
29849350
71328998
73549031
2855278
94597447
81287439
25818868
77085378
68437214
11391719
92250488
84253987
84030462
53055977
45530315
35550914
56874766
31021758
38115958
80433043
47496799
69719549
78751272
99997671
74011107
58836822
80391933
59439762
6631931
69174883
4832781
24281779
37395694
41381402
26506685
83251066
89832790
58618527
90626430
21988871
34587387
25725593
64872962
55958511
86176074
33260129
88103426
10303812
30183543
82903937
46846910
86931213
90067117
15669996
39574369
69351369
27055747
9815235
90307883
39693758
99666590
94697337
11012347
89431012
17490822
57180761
28131431
78703667
15677243
40565482
66455409
8434953
7917605
60486296
34066064
12919491
91921870
7293817
73592362
18563375
49712479
97650935
49405684
64309760
8976008
95564537
78181186
74850052
20589595
40772807
12388281
97580647
23545488
7605826
66751980
89548656
58323481
83654213
96235908
56035745
76760407
37672643
29597867
50441601
55996900
39838010
68989825
2775486
72398933
66936348
37701424
38507634
12738719
60491231
30645409
75041222
6116203
93332006
63089711
71205130
7003785
24269459
10926630
65981219
55669703
48252590
68570661
26375826
53256728
80617752
97197854
14968350
55273235
78784085
11159595
30083994
21239916
11984392
13273012
17224142
36416785
87419608
15479356
37513069
89504568
92558503
68821869
90658038
84633546
81211675
89362625
6301961
19954008
78036895
94607685
62082398
86053984
88787050
38182012
27145753
20069312
29400913
85521052
94816150
34712351
86627568
38444774
19537453
99940927
77711749
44315181
5931682
44430289
63751810
94936368
49803921
91866670
75129393
87104599
83873837
50554305
74130021
62034751
78003868
99195457
14587725
61745701
86549777
51213886
64271050
84836934
79656953
67946191
1720017
29120159
82855994
52972791
50797944
71733776
12268348
71896341
17494415
31094515
39702978
14468651
52927306
86332860
24785155
46919826
70785300
13081725
14156730
32424065
18806070
35233895
61548644
40821603
95300690
50020287
1400370
6450272
97859811
78276004
8379587
86436154
90509382
64037452
25473883
13710565
48287920
22490162
82480392
7813984
16915651
52979348
19157001
15183336
51320388
98524416
36812751
52255167
47545933
93432473
31857099
2783859
36994719
74397445
46474089
40527226
41074185
37929677
77641553
91687449
81407537
92011338
83663152
49515564
97427924
22020500
81041034
73131896
97160640
58221346
27933761
41942885
24537303
65866076
12277495
35436953
4643494
9084369
23164189
98024462
79963833
85439996
61054845
85119627
3742629
78240444
60708274
99369768
66956606
16216482
69909522
499648
9286285
86706899
75665172
14593251
98300723
19151295
95021644
1016051
89096206
3114913
40062505
18340475
69217993
54224326
40289650
53446516
9096584
40868952
55556479
72077968
77858121
71296271
72949364
66224606
39856735
32433025
6836959
16601383
3732514
27738478
71901593
46351011
3704384
49583817
89825790
49579847
55554683
81410639
52974471
82572723
6583075
85252066
64262965
96554109
43195797
3242356
72050031
2013804
65556890
3338921
36355472
55007233
9400965
85521953
7139296
73152813
73523459
7822447
78701007
48421508
4545366
26138551
74563902
77853508
55882667
12880922
27187045
51655353
40447298
38010540
38384563
96047928
96211333
88625043
39516797
29380209
40532398
71258554
31612893
86255534
28347435
8665115
56725079
69838248
61822961
12768988
79623005
82058947
17169831
28649163
30737467
93688926
14882691
6676649
61421613
37093610
3707877
56744464
44509799
15152392
80386180
26316886
7717797
43431562
12572841
32747224
66411028
4499388
31165146
55044423
81003664
61834045
32173924
68743233
90511267
56285881
33344202
31135432
95996885
96206792
58108034
59382751
35099788
73346265
88573138
91232444
47403667
11753302
99594587
51945584
73831326
62245141
9185668
24920294
39088920
62014153
69173168
36381712
70445676
31949318
40123043
81743878
14617729
1618310
17064822
90696838
46954372
32291002
35482403
55944948
88897590
78121913
29767796
22121696
79609377
90525750
63026891
27992552
41179522
68970407
74246630
42366401
74694734
85699148
50148596
5646132
43147240
68813921
70503013
13398207
56513906
76397970
9556260
109840
29947014
30766254
96967694
27398006
9131336
25668257
42265979
19948832
39779218
87116940
17037814
88813800
91598540
10678929
64078032
46670287
72367987
33631390
222939
49260405
23391951
15091830
50520468
75700620
68121612
58631695
85220269
83787218
50577664
73146997
79468149
35116419
13907173
53339069
30235440
48695544
61596619
29246384
39340589
8493562
35066775
78699157
82362457
85208968
74897433
80797825
93986745
57016012
31275317
90806331
74189061
41340177
30240721
5458299
39612090
88739801
33525422
40700461
94112321
74781818
40944802
38707755
58353105
26362716
41098565
31333353
45755348
3541983
16901200
41447332
12379986
89965618
90075313
41820545
96444011
73868600
29648066
45855325
35992595
70002814
74737839
33561451
29834314
31694696
60155735
54274296
32014783
76622262
24971144
23523034
73371348
49260464
36836740
9553220
96264496
81332575
57346307
75376752
94047689
7170484
41666044
87240899
20431495
64753706
57076311
445593
23428998
37571271
36329527
60228497
94223060
61116730
17200357
26197880
28346237
44162410
30532964
14203626
30985013
32251000
80661108
35496166
47391334
60984973
13627836
94280194
83626473
77394291
91127983
63398692
38472060
6090428
58400606
80084669
20149779
56950971
8364555
74348278
13813871
60947615
54648811
7061756
30905929
49346764
33233966
19970865
85119969
3094589
55332126
90786632
118965
99253716
11791130
83355069
17588297
792093
61247131
76041722
90656785
97023131
66477179
78911533
9965844
74491345
72720253
68561746
3767853
59799635
19662501
80296886
32643711
97253797
49416940
24219981
66073395
46973769
7367326
99513756
73357103
3701544
91391657
29822934
80758250
79071493
47025860
22398138
53253574
97718078
53370265
14686667
42178202
18852865
39209059
62953951
39914064
54496448
25257252
30862493
10528043
16004148
94244223
84241842
17227785
35648080
35796578
23539735
37184455
95149451
43134207
51745239
61597357
40214907
76726585
14875197
80054137
25240246
95754534
76974986
1285919
24374324
1859642
92990641
66936805
24503718
46256716
93637283
13808944
22963136
58073891
38494776
8964756
29985187
65373568
96073199
26547434
50953393
87670259
58191519
80069089
3572839
59029329
24492146
25823958
43299476
95109250
25653062
7949350
23962903
93180399
60919335
98713196
77543214
29711224
76296863
50082706
68340985
98944188
43090069
16682034
76662975
41089860
96170416
80889591
15084855
71446769
2506431
19315523
52317735
90514714
27564223
66438779
89873279
40675489
90648435
41993554
77791674
1889993
11589518
69318005
86833935
37604376
67860888
75809913
12685474
99716295
98324180
94679096
85635257
1495200
86998103
14294246
84597624
63043332
74598622
29776062
48585681
58792639
84149573
64055113
47333159
46644113
6515261
74760120
61262306
90966433
99507388
34235270
36803450
98581481
57294965
72213064
97961254
99650033
90675056
15195422
14263596
50224458
19448396
35797867
2788487
1068027
67614408
71344938
19623380
8768720
78448000
47980482
13546791
13513705
81348396
97817904
25344262
85089252
59867211
65246900
95915028
44267384
17133899
55108826
43305096
79096033
24407377
89724615
41371760
48728506
64106371
93426368
40682247
92289074
20951224
70700521
16821387
77798073
54850355
6264851
82662871
99808915
65201511
51937181
65574824
75837898
47127747
4841112
71080987
34815272
23889801
22750889
65512276
24019940
27413050
3011566
66793254
97995666
96301970
39401311
59104897
84641896
52424088
86906497
28321722
57631980
46767564
43092707
17060588
59644061
34256646
16066989
4369596
526540
69136706
51378386
41233816
39581103
13561735
85535461
54487951
72434007
64462519
84246386
39144875
99495538
57188708
35645768
81471560
40919344
12152413
95895891
72852210
39779395
25896828
52627085
17655743
2993686
93572734
22138390
84668909
81106663
94439246
71061627
12938263
31603602
55318615
50572936
32983572
98674963
67449751
65481009
97709710
5713133
44071766
41554931
10952458
37459457
91641001
44886926
76459658
70676208
65599537
49494422
5627333
29544156
5318290
56875299
73126386
61520472
7149187
56503918
31116322
13071208
87540451
21368022
13920077
84014594
98135088
50709372
43856825
59333740
51428343
35610398
69571514
34345815
48885999
30394495
264838
13605920
35788232
55773889
51682483
12046969
51347345
88085161
52889423
61588067
98074482
93502830
78720407
43421043
18710947
6381136
33385669
85800503
64537386
22145907
7607670
74117012
20250773
90356168
36110833
89324373
80032167
27643938
50363031
24317330
99911974
27759998
83232065
83466527
55125567
29984297
37169074
16152040
93270689
91593526
27909756
29951073
58134807
72136628
77489278
55283314
2844927
15335047
9497461
4363555
25898024
80722217
52423333
53970970
27635207
20809818
24683923
18443330
4147805
84614577
61929856
80145532
79088046
58700987
19911195
33969772
54005069
94648747
8223218
62553825
49615514
80756136
13498021
96071305
80994451
86523360
69166826
61942343
94022786
62989224
43686263
2857312
78159476
58099781
71936077
40862045
39752829
35583660
50147945
30478339
55677148
80921219
56234462
73311226
27113360
65350151
71819317
2327734
48612065
85086796
76158554
88100243
68317123
43326908
79761017
72847887
92859321
88187845
92134470
81981782
50518281
96160277
45258472
72174705
5531793
66304003
67763933
57088255
13946370
37907928
42041880
62716535
2408565
16517753
50896719
60708546
53729390
65600746
47137468
43066525
61361481
13923640
79552468
57235049
43379825
93217830
46167416
93277616
80289900
56953489
57916454
37381513
26377017
15148356
48738704
80870170
19925984
4169450
12787661
43518146
59194258
85498723
32731863
99547361
58738543
26817459
57257633
89525639
21884551
73768512
81078685
19696491
42934421
92007333
16032491
22609758
56454680
16799272
70976000
36959507
41296349
29895087
83830701
91829673
34976016
34760660
53155322
51036913
56786364
42886666
43795101
21727443
88497220
52003387
24131904
75336491
88964834
76471140
80378596
71861776
40664733
84445075
26880120
32025864
22731827
31188070
78648548
93106025
75750981
17256508
54703768
53506682
35812545
43707535
64711915
93865483
98029110
33631915
89691523
24785655
79945010
26801996
49546410
90494107
32428120
33331557
90225876
84580903
1355643
38953899
54635709
65738612
137769
97398535
55685709
84932828
34613310
40222624
90298919
97557135
4713572
40746686
40339453
74616797
92354689
98386894
64878605
1489976
72280305
51096402
97661141
56374483
87631484
49677032
87431561
43829600
45268885
78749458
77525443
39065166
66610767
1741330
93844277
89351357
83505423
6316514
14477377
9606699
11631194
14944250
77608261
77355861
69754210
23553233
84008489
14603503
68703533
80248207
46393372
44644646
80097377
51247884
22773101
29071156
98788302
36615505
74571754
2931054
35833225
62811588
11068602
22748005
74969434
84941646
51211752
76890608
93002225
86572247
56616385
27982625
99125209
19255110
69468737
6954670
13210292
66576077
87412503
58881954
26164070
53165647
14214037
618088
77542134
53887422
11834067
89597554
93239734
36269213
74654885
15964061
54860343
6116198
52898421
41783748
24967919
39413917
50992830
20565026
98812529
44588641
79138150
46221710
38494683
31993357
49473647
59803458
19479319
36255507
6443192
70967797
74338165
28717637
31886403
97730975
35607236
29367444
80323707
88607054
97215098
67907822
37218324
36846858
64371720
18271391
30128605
12237170
64373318
51261380
24559880
30534537
41400091
22100353
26981620
11856680
62946036
46074543
78301573
58967888
7682203
4808088
32075800
56093725
28557082
13767666
86995500
16161729
31831802
26566189
11233849
96554784
14990128
89572632
35431420
79889524
7957177
90348544
92407107
96693838
80028906
16290137
68486122
81683958
37101093
30736578
60831837
39750251
93113200
55299787
39046001
17699586
93816143
67892357
98374113
39524232
39774152
29176402
3098432
83425394
16095410
99501224
19510211
69015596
42639587
39253884
57018329
11375139
57053576
84786808
47975004
94193945
94378623
76991140
64655299
7382749
25037524
82347110
56071389
31334524
87011634
61754460
1065316
54299563
94652563
14635602
31419772
96996318
87731063
59665661
75288703
20615075
79113709
79847331
83202211
80587231
10102658
69466587
23396260
68917718
85147059
62928632
7256030
63418003
14793158
21797838
15415615
25433667
74271667
11510184
34441537
19276434
66418568
4152688
93064310
3014352
42925042
79356310
41830024
39719248
1120848
61276291
34050882
26269580
55870279
47827856
67372080
65686160
39965575
82637568
78731063
92726713
85825449
66728862
32332381
49349391
2888388
64498177
21683577
91307827
11939009
2337566
16578715
88981807
55988401
70527884
12102496
17389126
6858249
84726770
21029372
86169195
62350255
82147492
50952061
10020356
24560417
91416632
31850051
85169460
61131642
6861049
88771502
3713207
97957352
73449127
32557124
5687693
78575621
36612127
77885095
96354884
12401975
96528479
84671415
7305608
73362704
5581110
95630962
58102083
70455906
76856024
35753074
90102329
95737560
8378451
69238698
570166
77307249
15361348
46208363
89365582
6049159
98706929
39337060
62342496
67333299
67711637
65373631
70299359
92508872
7291124
62672414
54495031
55556774
71212493
38546187
29724569
50007003
85161862
10162850
68982495
76328334
60250563
62549314
98363730
20422587
68480915
26915599
39020412
39527866
75535826
27889228
97402552
9097299
21851746
60862153
22468156
50612651
19255013
45864765
36592358
75582733
42281417
82615632
13565629
9243790
74703935
5743414
49053430
90876137
50543954
91657854
4466904
50832466
11697676
45889001
21317406
53272616
26224433
58667786
240501
54855888
92082314
6032021
39422348
64712295
40600921
10580704
99039070
31074251
28036596
53427886
88907125
37930854
55606974
46979534
60834948
97774268
22380721
36760521
48319909
87519100
15762089
36886445
59372556
3764170
42433966
55042044
67288294
21940743
18809706
31723119
45268328
49242479
74056703
4104130
59604771
22172338
81478801
71994915
1133449
21164226
63416929
4801699
35179095
95631453
58820920
11237246
59981238
27187014
16675810
19792011
19533557
669374
80963920
52034143
1453170
1662445
30426494
32948177
62540174
90905461
71038181
33583218
64095583
20172863
47249753
91829623
81706513
50054645
89604237
35590959
82787610
56998365
99886620
80732335
68458867
94091236
74792996
16646118
86163505
41783847
4064657
88408267
75503841
7252451
50868170
26441245
92761899
76199674
41051340
23445445
20608794
42285558
79663183
89772516
36438281
41005989
4825792
47374266
23428518
54503826
95084451
3080932
67590926
47083186
50579461
30429214
63275101
49121932
3685338
96338841
21215395
74293200
78601311
80207222
56428319
38269519
12606805
75535119
59082329
3946672
86920658
52345259
75455007
49376709
74710687
95293924
69976001
18296836
69235202
34861205
70717412
81849815
43278620
160016
34773089
28925176
7180444
82537226
2548924
75912778
31204117
41792841
50887087
83453860
47305089
4590775
97051348
37201519
71717326
15727206
91647178
70433421
63896668
76862254
65961142
28106246
49085161
7448711
34909140
71907315
35082389
66551704
81907217
13183958
92750884
17077364
96997364
6980745
37801899
55724888
86174819
14562672
49152140
37754463
43669449
46098980
38955623
18965405
18788837
96941515
9167457
32871732
49155403
56067383
8519381
60494135
65881857
80883113
90885792
13734498
17259525
57273144
57776619
78740381
71328830
11999104
20404235
12344611
27308211
459619
70033289
27221324
36515719
46198427
78458106
73524422
37900214
64462875
95137446
62709940
22059016
13401937
85785963
59736799
7215069
69641330
63277919
24325925
70707158
93948244
96439835
57446965
32815551
50980378
88638982
67422614
19562259
17696091
46857366
14437084
39101023
89666807
52842854
19989291
85853800
45145168
16975021
24313818
99324612
10498907
46515389
64384268
88246065
67422383
41255743
32995955
40097952
30490250
4217516
78070234
26654465
4629991
96611694
58051850
15416346
47514188
61853010
16216774
65550933
92320938
35179574
61334573
23968923
55262572
81308450
81083543
64747875
2933105
99325468
43084615
1709193
64330700
25584069
29848815
76184383
55493194
74203859
15412945
60282020
78342390
33292499
27819514
71114427
70575537
67914652
62568138
20441655
13180809
48630134
37155429
66691708
10501100
76536788
61626811
10606175
33386443
34859336
5888297
74445781
80768048
38154864
24514442
2679320
78080658
69304331
52867145
16455058
3226540
98435015
83057536
90038429
55458818
60262134
6605705
64996487
12491082
55053414
63867985
48647723
53613307
16477761
34168175
9348111
2813331
7245269
15901256
34131133
54504455
82329521
77713633
86196571
76921217
91749579
98207910
10760695
4331793
52147079
35609813
36624953
20405967
94109928
83345605
55158899
7185840
72791063
67143386
42895173
56486424
12168987
62472159
17719874
33466613
62106540
96584204
35550758
80035905
33087686
64908824
34681109
77567972
95147113
18321727
5613439
46238391
79807033
11610393
87886854
25838532
82920831
25600243
34125546
18578956
10513338
54911329
43355305
8061514
41862667
3300928
97140768
51206733
24578300
47835338
39440182
9446880
39697060
24525807
6987649
38174047
12169363
28837720
27171470
14570736
76242492
10531733
17857806
76921557
86658018
93230207
31941869
5423609
46368042
79120789
18425436
98192417
64377899
19994040
31574395
28902231
69367375
92229382
51428716
77667257
91640469
96955856
99770020
54152532
48643718
86713534
27762368
68021453
44758180
65297503
80094282
45329468
5665052
9602747
12402854
91344680
47388789
48300308
49224184
98664812
25022246
96576797
32848728
83509994
8358192
62258145
35803999
39377823
64405743
17567093
14273837
58121417
55529119
427128
29391656
10783204
49026126
77176907
80215915
40292549
94978808
44617997
2028184
40286909
68568947
33357168
50253036
55449503
44175758
25415221
619735
73375891
87346089
96340972
3091218
85551298
62270894
44563256
36109753
86831418
81763554
68403147
16645636
67525170
94435021
98103405
75944992
41010628
27056960
12750706
25352816
75583396
28640447
11406795
551636
62184685
94894603
59100961
35284472
77806657
75771734
99774714
86881171
23308001
6408958
19591
99697191
23720751
79259438
87630357
55723225
7327507
90942280
73801978
94101215
49271811
9361359
43835701
68500307
10458931
51741885
56404960
63322983
36501019
61323995
83841570
95020133
28662726
9035667
36016374
39166989
49826365
81000670
28769335
6733825
83032031
85977064
27583650
68265286
39773455
98554006
29903172
13160222
41096106
23300859
22435280
36696720
81154491
85660363
55211078
92195895
25026771
1544029
42138647
21337
42462526
36811264
23232638
51067458
99811528
3681090
83775831
87676407
39972288
54131256
38367454
18190026
55726115
46046738
67689762
25149315
6871102
55419701
4831086
39722478
72824486
78552044
64371166
462786
49850284
38936394
54065270
50938657
32295115
81337168
59222311
65115913
50891690
34605258
2673753
97112317
36009716
13638653
70989095
922139
96608890
49558012
69233835
37535927
68384418
72152598
95707583
1889671
49391853
28784112
84743464
30468058
6838382
6098140
96455725
94563955
14124059
40936885
53683753
52205706
28177256
29836067
19093803
41823864
55741440
99547192
21210815
10682293
54744254
86649674
67590576
40120814
13508051
59673837
82971797
33961991
149859
93634475
31181817
48183847
44128082
28574406
44029554
84574718
99845381
71073767
64218805
52928624
34676642
39377936
66156304
25177314
99734797
64477925
54920217
15817256
3308720
50428249
55646982
66843820
2720604
12879984
79036322
82348748
47162697
65181710
52852379
68669357
77593181
12352843
36890346
10593715
28198016
95297392
92169369
27228763
64210614
61648875
66066843
63231835
28447984
41284187
87760711
45065918
43561622
98304511
13276868
40872290
55388263
33450992
94443516
49708272
72457652
43325775
70854364
72252156
88558021
28561660
91518532
28880356
66590364
24745618
86518840
647214
98455242
66060064
54581061
84583977
32988092
41101172
10210451
89986532
36809979
86568697
92871045
63879559
60004462
14325884
13835382
77923911
49800328
8668605
77570046
97205049
62063468
7537527
84420173
75185806
65716515
57234571
69887430
78372800
86405457
57730914
47037112
633282
87893438
347252
53417705
20451336
42638374
48240682
81419832
41058055
32181714
16319367
8323694
11653161
41121901
15794574
4138599
16604782
69458417
69871228
95254063
20998167
54774350
88033775
11789399
79496338
413089
45218063
74785663
78000282
1769991
51355428
78101964
39988998
20293076
12741590
2157655
54330118
64522762
43163307
21935499
36638913
16872172
72401430
214328
88648837
71304435
38744108
611713
3885399
98515988
59319058
3326350
29486659
79681624
78909622
94020095
1160437
94811185
38673215
11238685
91542928
72815395
40699070
83872982
26646467
67765637
92691438
84958200
77328119
39855088
8292274
42677695
47296618
14209807
74824682
22005601
10870514
82445983
88273972
65738322
97115353
4240761
67951521
34341317
8279440
74431898
46751951
52367965
77257015
50312847
55953113
51741764
20146744
97193722
64396792
22214114
97022417
17324575
18131068
60072370
27034116
39384334
72515493
94094082
65912550
5786532
30866341
52165011
35685174
51170084
7371278
77259043
44550732
61099498
45315194
8323954
70153884
4354766
33826212
32799823
12990867
92678197
76412896
98609899
59761128
77677888
24552632
80632602
3284866
50384745
10382834
6391129
99303952
61712680
36286997
93134014
13365876
98468978
36229364
18567018
74422260
13331318
48791779
40049857
37748231
4463172
88171706
83418469
89680639
76456651
89911483
50377837
65806580
27842071
34170405
14670886
20735700
44241320
95850958
23621731
3407320
88558796
82497057
51648060
63470237
85151706
36324355
77090407
62629207
24964899
78208362
94873673
52742064
55891707
95025758
12432183
1475199
35995747
87079067
49220160
51248957
45282209
823206
50217413
34340594
99078307
32569907
19340972
62059260
73465170
54263355
80361282
24878435
12134136
898364
43709403
5773556
47138203
50177449
66509881
63382848
39707370
18712018
79605972
20952537
31411987
32698580
39998929
19897032
87885099
4652675
92664897
28534623
58435855
99093424
70409813
22481665
789096
60927518
78848669
56036049
74546057
88487525
11533955
89167898
11599774
63446639
51308441
24235079
13397356
91071634
57143314
83426470
46880093
13009147
15852885
91898844
53676088
68151393
69758920
22391475
1773573
35917629
38908132
43016998
74922648
29620794
74233318
24938864
89161017
64809728
93674801
29898117
4954898
79014253
849002
23286196
24446252
52909013
43470440
27031883
47914869
24753262
1427538
83771231
72796252
76829734
15166715
39656009
15577449
78036721
38278725
96426441
40291449
23840680
17642469
4822910
71449502
20985503
64932437
4924765
10308163
16163119
22185434
78550704
55602441
36036200
75713447
37654785
48546657
22180325
50063072
39212795
71219294
76728667
93640794
74211483
4302283
18188531
74726090
10053282
85443448
86877350
3495853
21201633
66833023
57053221
30146400
30712229
2749587
75398571
942395
39310543
64406488
7336430
90387957
93850524
89125881
44903654
17256215
65912375
92872496
67890670
80559789
67012249
47704524
11345529
24649404
18132277
37759240
54046223
96275708
51126478
720697
3503067
77455321
2974170
75280565
84457624
9801072
48773848
5019884
12246120
61835579
86116162
825616
26102676
73615285
13260495
77053858
96117882
94069032
62363728
18262202
48396809
21535438
6774876
50014800
74980154
2896607
15528243
29477271
67874611
54118049
28219200
79371778
45512011
77693014
68221627
9941383
55244330
35346759
55963727
9047555
86061972
20951889
96592071
9619910
30235572
1069838
63842827
92434462
82885296
28906462
67374311
14072699
10252412
67672444
14240403
61968698
38392018
37625162
55529842
96509443
99166313
65354438
36966711
19831982
9062117
51674774
78017359
91533555
63671087
36057997
68500801
67725506
59683157
64787376
6416116
17279048
55517860
16569904
83271370
61909773
79946779
4943109
62348000
36127297
86542173
14275805
54113564
20192821
44207729
48527554
4132761
51451491
89212954
64913038
51339601
86609090
65623057
82125378
70324186
93382360
73493786
68600076
24089697
62021429
11885809
34230904
68148206
1330251
96774577
64760550
62042164
35774165
82808145
6860470
85531063
76821535
50532332
56925778
50520978
32965969
64560234
28652316
83500792
48004854
41862646
87901537
60124272
68658392
61512045
23567412
42221296
9829594
3388593
5948030
25580947
84015229
75496383
31130613
19715538
74963691
44855060
15338803
67518149
80367012
96917921
10170242
17199703
60703356
13910639
79838172
60297689
10579333
98261081
70042584
98968754
28851533
29600011
70934554
54339457
32590052
84387663
44631409
70596922
15712602
82511210
53449158
5892739
71702241
46701411
37274179
30838052
41279711
98828489
66396775
48469100
74742515
50073306
93455483
42739017
48018974
54056611
21845565
28639807
18951759
53067208
1762465
46022575
68799814
12374676
28527263
62436108
79321934
42504486
48853907
20450230
13648026
12759440
34833413
51938066
3050159
12552972
44227825
90942724
73595862
74460890
33869483
23760306
64361179
67786181
37808966
96908339
15043984
59054567
53698914
42165501
68088897
40540690
66375361
65507363
97541642
24272884
44746857
69439114
20757508
74935324
25995519
29751809
41628639
91504529
78240480
76978412
18385653
66518443
6272521
78334794
34288394
22887855
41789829
73557275
14886797
49835008
15924331
45917457
62154010
45001379
93959518
62045776
93369928
61531629
73358447
99751864
4040684
69490513
77837737
73388720
13249277
94823749
90131684
82004565
48854597
93502238
42796226
51613942
10634655
72049574
6853758
83969823
67265654
73033139
9672733
11899543
16733650
16086574
53783285
80881923
30892371
53750339
63564730
1124313
13655550
36089809
2205774
43998184
15656766
55040368
30145758
84352608
11276632
60264576
17155099
57282685
4655954
93971695
89117925
26093578
54810104
48890990
80483418
91517529
58482508
31649942
28999783
30781758
86617433
51613857
49847146
67907737
11280544
87978196
76215853
63478424
68337060
25148911
22578704
78221948
5873428
46221256
23984461
50945404
84093192
34380357
56156375
65282459
26787068
79170927
53427674
55292037
41558245
87240492
2795877
5044123
6460428
45148689
53760327
88156181
92747829
34542489
97362535
85446261
25438824
17782590
29172134
7755422
31286656
13525324
41312955
44429378
48744948
36130445
87928537
92867379
55003833
51099597
58668063
15374789
33475343
86716222
38086401
97476729
24036626
62127947
19139551
57157655
31774471
90132088
54846824
4380090
7326544
16666518
51160592
98554694
26090183
13281659
43237820
43004203
74991006
5629777
84490872
54526778
55411042
55279075
78175392
3548161
29221060
54274854
44096602
14663517
7050912
25076007
33680284
51105628
95594435
42435080
61504534
10781214
56582334
70079991
34724601
53518614
85767236
82099590
65270921
42163714
40692728
52419300
53878873
63619106
88905920
78576457
29773271
15974565
43727263
20451040
81498020
88306013
47049946
71775168
42061462
5085116
18947743
521918
91473633
24247521
26192393
94154079
56101542
50621155
14728036
99090365
45921423
45349447
1685184
44309462
29565080
45790344
21862591
83977834
55859201
65963553
35751582
56924900
48254187
73716823
63474401
7696827
83014094
71441606
669985
8919782
52552670
81709217
51623884
57859065
55072062
52777595
74870337
51437465
99873792
16521120
59505110
30012343
32083505
48241511
27206432
14698912
45860767
32621493
29954899
41709656
58849862
23901956
16856457
18768493
61266765
27613730
53118386
11197963
14327772
43419165
91494182
16565802
60052428
1792038
68245656
34380777
93934086
83289714
77405512
38285222
25664481
31031156
79951753
19335372
90620959
1111250
34515589
92512736
81712156
49036381
28442358
81323462
44544406
94780607
10473820
13174957
24314672
19350364
53620660
30790100
25352860
6510904
78781578
29571522
53048791
47581196
28080036
60744946
19883110
14432659
9366816
64986353
69661336
68719663
7091017
44051022
25868498
3825714
83921171
85158494
15070504
74347078
59683823
31909806
33269355
79280846
89173437
98263170
7844375
10248055
96950267
36499639
51969468
23123711
14139304
8620619
83775713
55765236
34642333
8116743
32481522
5907912
85742255
31272395
6062490
21416322
43728860
85351042
1693782
21562654
99785643
35903817
59873822
39846200
85476637
84633534
26533468
15440461
91243975
35048070
45482294
32637223
44019782
96307382
80574411
61073639
76832569
17963215
56321105
36147787
65425954
18043304
92335624
19300930
90476703
35481397
27058608
25001285
15197200
35909489
91931743
25749502
36004688
69221430
40066199
9219564
30029086
5057508
48662916
49344572
88304917
60267487
55136308
56267041
73546517
80096674
21088593
75512897
22370771
30286253
31365791
58162473
90215757
11447937
5215987
53243669
41428753
84771653
21524961
44607451
35772984
8641381
19401283
88313352
42723729
96423887
44069941
30534997
10666563
54556835
62016736
90062073
38243301
96258854
45563682
93827761
38467160
71869664
21599789
64198104
66054415
41832915
47222173
17460136
46649380
55226960
7631612
11536097
2547627
31066618
480228
89984565
95269084
73461249
4195454
77134567
57126298
77243418
1006126
48658200
30523805
35538307
80881110
1439946
65398991
63726719
11181615
44313247
76170406
80463625
80604710
49731893
46354830
16518302
60864792
38715203
97671054
3270070
58917703
45601345
50793636
63839713
52561514
61816948
91715643
57372193
48802280
36768195
3569153
43057800
25723256
72835146
30521479
91979362
25168067
18440800
26964537
9327810
48241351
35358186
84888347
21168246
35670470
70906945
86528891
51118303
18305953
22999531
57114808
9949822
74519408
57908927
96595362
11783970
9273426
23034860
36416439
49736630
95024478
55974105
74746111
53720624
83113565
66485880
37630696
732216
28288896
56780239
80875368
95877006
73969095
65345130
5551745
32664363
24551681
93894235
2449676
87639966
68790751
25598124
97853207
22470975
40306911
15485838
91545070
47663163
68571477
48756149
33098755
72000972
34682091
20546598
96900575
18653635
89010144
28896189
82303559
97317308
98445146
7729402
61702328
54577350
77331881
87237420
42497079
96417525
67558606
60727681
97570121
89464547
82619135
47457758
61455962
42249643
9821460
96662129
60935783
53432897
97672992
5509642
74567687
42121448
36072769
36096576
45524043
40041973
22059777
68497797
4110250
12044153
45308037
79192546
18193533
44968222
96019318
69553510
70086961
81314586
94494387
98608907
11948441
48447440
92393144
18001
46413173
75543053
38641612
75502150
25001909
26601764
56606053
4421305
756610
82851205
56486937
29795090
9133911
77747400
15223726
12649130
43086114
50231923
6243001
62553628
10698150
81710248
97585080
7996049
10500095
28091433
46610620
86731112
59205641
43452356
11211088
58659712
35679052
12689970
29274889
39298063
21087279
85600676
22277324
60598665
24171334
29950532
64897783
69413138
43419401
90027603
19549669
46045232
47068065
39699677
7410695
26856965
90358229
1007139
83174757
22733643
92706054
32524483
18927440
4019056
30234862
68106891
10195309
61499381
91514411
99892148
90154795
94507131
11803616
13801219
67489579
93358576
29486553
68679998
29670145
67772887
76460527
43862812
11739451
24888071
12547551
91149051
19551010
85407974
34490841
22877270
47601069
11498773
52292575
18165517
44065116
47473266
48312962
79000524
91614769
84640304
41321122
89894822
46623255
4918964
29614924
41218954
46221187
13871475
94584977
62522376
13723729
24745949
61121361
59330575
55389836
21884396
19288953
14960852
77409458
8912576
73127705
90537824
90779228
31293286
31106740
4930364
67838249
11372665
73982177
66939321
18359150
68994937
95800662
85605336
42464323
53197876
79841576
5709888
72227171
35558298
84239583
51837044
90883815
33164370
47217345
53582822
69023117
28306009
30787865
56008828
35074248
76374899
30132518
20732747
24433994
663900
46874545
38802132
78456745
53740935
71997693
86995281
56749267
76563430
89873205
30336731
72081038
23374363
6799639
38948075
85719220
97210693
41030303
81825244
15570226
58885351
20347218
5721052
13696474
66948150
87789950
33631467
61399940
64264287
26599120
79487546
44991469
12887990
47589619
28145604
66490257
27837711
66448573
34463217
68491079
74961420
89546306
45166172
71009232
79937766
26790616
37671617
73548640
57775231
60444257
83853413
98022205
91899115
84278953
44350418
98797102
9227988
15048240
6554578
75935901
78076597
41163435
99853135
45148573
62362723
19522438
26935585
70059233
89664341
19829028
13624333
49107597
22866795
33526677
16684316
71037054
54739528
73328196
13050876
84927722
55467559
97773600
23664079
24795130
51317682
65384165
44205881
73902077
43787225
40185516
77263789
34146467
55523734
2380153
31330526
47665708
96401806
26303218
89236554
16484334
77786760
11243215
34061208
5065260
33813674
8745495
38113643
15513093
50358205
14706501
27906979
81838220
12548433
42769879
17717088
49733260
90259277
75126512
71798234
68154982
53738700
97186878
30574582
33666580
72716505
23245092
80057513
96577439
73586140
80710829
68463925
76370803
89081833
63415424
14156087
76003524
5649729
21731640
69351444
31326472
89132990
65266414
47872332
19142487
48955371
63983321
37909538
8962554
8460728
43068006
16608407
65367459
35551523
46628608
74916405
47166622
28767326
20040314
89097774
38446371
86657823
85985507
4227197
85024619
52579364
63142433
25625686
38853524
29672420
53903141
59571732
27458205
29697269
20497696
25422069
13447055
30785731
8244792
3549513
82836780
64515753
35294255
16753946
66197462
36928781
12580561
75816756
62566724
37655537
12498650
28380667
57505705
31564866
45262859
18268927
95067530
72749655
14033430
59421068
8656358
2077262
8989318
66040453
66161180
64004014
3267114
99406353
97085079
82015394
58921923
72803923
11926704
1919340
7777956
97020049
66157445
17175690
22173219
27537988
27284343
51397515
95358956
70096445
5317259
30264541
97649870
32880504
69199056
48046080
93453935
47322234
83944739
90528927
29414690
17359725
33492464
72647167
6224227
44826695
91076409
98191851
23007371
91616382
44940841
74844929
57689447
98786847
54078046
81570318
66783856
70719408
37898107
49266630
44234877
65009048
58411544
95115370
70505589
66284440
56797695
49395267
24839134
63205355
82007035
89411235
67564203
24679922
49080030
54122338
38194758
27981420
40795990
3406673
93836937
19374402
54626046
72681112
64661274
14634875
27338629
94537076
82434708
89603052
46333473
17142890
26969030
28862632
87786827
83463237
80511845
54938810
92346424
24771779
33519320
45846268
8314381
51352609
57315784
48810524
54278351
65210419
68205504
99122095
32017595
7282588
9645848
36445199
90730073
50128275
53104296
33699600
22640155
67492428
29156724
20197015
47248947
54168080
17962276
98440077
19685507
6256386
49647680
13285765
85815099
69401104
55051508
33879931
93706456
5123280
65960565
2036972
40176683
92356748
69459201
5082985
52199396
58446748
62179855
6324760
58612601
66543464
59684577
90341792
93529542
29142188
43414354
50781763
45480428
47186738
97680456
83950522
91872234
80139154
25306316
51963972
92557540
11776243
81989397
78996888
61258359
76443801
45208657
88107277
33111618
55425503
30422454
61831319
4917034
89405512
80049620
20285955
98535007
67245674
48820125
87802368
68976263
66636890
23955877
79064465
40286980
45421197
88972157
78103561
95688391
73086611
71884449
85641218
59948357
94828269
55824623
28272149
9509870
99047224
70379143
1850677
54415162
4884859
24106562
21871909
57217756
94370982
32055720
20215033
12390205
92287760
72778698
14592558
30263536
14933963
29920918
74544564
82174305
70699718
73565702
43376366
44726720
11703254
29961630
48815090
19101208
71440741
24049881
69350718
14050932
24647846
19711957
27929614
58021344
84052628
23999710
95209278
8108435
22805199
63972027
78883652
68331900
94893757
5529321
53375564
15668688
46232241
81490021
15190567
80067909
83251651
1858334
72812176
94888570
79630569
49550084
51432902
52960374
16591760
32516728
52975665
59342404
74615140
52539990
80662679
66091682
35579178
83089687
77128765
34126649
56243561
68411016
34948600
54776479
93593627
41522901
92607060
53361582
86092068
39443309
18769982
21469969
33195391
5085552
67384528
11546317
54193203
18735068
84379941
11943359
82124053
67364558
83246365
72816907
44011890
18999903
89987030
99522807
99696443
21307080
78457981
20247130
24518082
42861505
75604262
31992849
10802628
40375304
1248830
75049382
83182439
77078244
29922989
38377466
25440555
20251598
84430952
46491261
76671458
45708645
37376707
50694942
80984712
44002737
44395236
76100319
31376284
28361027
60272770
62644984
72255488
63045585
63217745
41661570
53069875
51209773
26112947
32136950
51061560
28925780
15590344
82997004
95362592
67186370
30814863
61173557
50845634
5806608
79725316
93813412
37920811
95214345
27626078
86263541
90694653
19537841
54602122
95429110
84217137
69632277
63065677
93807073
41428859
12111868
41950602
24714621
61057784
37349520
79481307
31477447
59718468
74469924
24756056
26855349
9002063
48620573
94982394
91956622
93101659
13848133
28773516
47587128
32528238
89644263
61259635
8450916
2528984
15380824
47042235
50059119
342744
90935106
23426999
22085188
12771024
72454895
25709328
54831194
65603940
10353203
10464327
330686
73441758
41069406
63182423
71276582
80394585
13091427
57025500
65164066
55495429
86958919
95330069
33490738
59202646
36724139
34402971
24494228
64018633
91801485
51578710
40767945
63039748
53447673
64150335
54000530
99160026
52084399
2530481
29059040
85519655
99469841
4882494
71825865
19350549
38362882
1617525
388260
27450530
20397357
62737789
76687401
69093336
41042933
71796480
71876761
74831916
86832372
29239798
60633169
65810338
29185588
96149582
1207624
82845289
31438767
99837251
40668966
72515918
16422898
34839985
2751890
44031464
43456553
63299720
70439173
27004716
46904722
78310145
15223762
84314611
7145741
53990035
73783616
48274174
67375159
67202987
52888091
8667119
59746750
15599364
84182801
12304572
68690892
75129459
92092906
84282557
21150844
36028358
9939141
3296293
51871291
2442005
17440258
71694581
49436581
45019758
29537972
48403456
44078493
22773034
40457214
80645897
38943712
99016066
99564850
65958847
97829700
47511388
39464923
51561777
28284270
53437457
41462478
75194973
3735161
70034636
20900676
59147411
45561263
17925405
57456845
25223184
70567513
88695435
34171317
71478784
71353717
9452708
53000674
36828073
2216542
23098489
75247824
98356261
94953319
39228139
37810466
24762019
41625298
96926016
9199902
33622215
68554322
89607581
10239466
88595626
63473945
45973148
11733049
23307896
6919145
524819
91902774
38638152
23213079
46304891
79568230
3870595
74764925
51059300
56610081
11392084
16133413
3642764
50850701
97894581
48998982
64924766
47643405
63482138
4948629
20332871
47532255
68033493
33443226
24254580
85443305
88288284
20441843
91630501
60693717
79437895
85502155
66099985
13728413
83454958
12535695
2013687
87411736
78569219
62876603
41682894
16582877
11887830
14439520
5299813
58661217
45935805
13246960
99707033
61097184
53101020
55450908
96327514
68265699
40120362
8432525
57918530
27097211
22468299
69076687
45467301
52038391
48873592
5021110
47689068
57908471
12710019
19153926
27521708
56874188
30340939
89699370
58942282
85766980
32026162
57076037
25193014
77464836
19012107
23070642
87849577
79562480
3511017
66564032
10811201
93428193
64596362
96901308
75111677
18232949
37793988
54252156
94476533
85698936
19925448
57373971
99664085
6572649
57775147
31142853
92208429
23013138
40687798
27780957
2483168
35839199
51721697
39102384
87178859
66220019
88322091
74347349
84765557
69687719
56866199
95826208
47708899
93323019
31856648
36535667
84321029
72046969
86628496
52666798
99230892
93798651
7630197
2716383
24603228
69328341
55318392
62289695
62582606
42362095
41875158
62722974
16695922
50043534
39810293
55480035
16707764
8554894
47515669
36243569
23912190
48189469
19448105
90056971
53993313
3234424
99317960
75163440
34817277
93730179
67433690
5506942
80490340
17322757
72260524
3334242
27531338
30645633
77454763
70797217
25540502
54896464
33947141
74536062
96818546
25560645
32445226
10793629
78183764
77869286
44398215
95969335
70112336
46489225
62869830
25255592
5079735
83148501
24242469
8552335
1616183
62211083
86587206
13820780
55712450
20600149
75013097
99538110
82047925
24547889
79709898
52650982
87250460
58840989
78976325
53177977
88523270
2004210
56511889
17110156
70820398
49593201
3397541
13232656
32620392
65700679
78214335
50150665
76294217
26118553
54454820
38841460
12220342
7819897
39534478
42633273
12747061
33302941
59638034
51673197
90645616
31810254
68605280
66505176
16116585
78365692
74717708
86473437
70219716
64739068
84507960
43118035
5162235
4095266
9916386
54132977
15693134
84653187
69442045
23315239
6754662
47676758
23210538
90007628
77137031
66835704
79877042
37271576
44278086
12817439
35883692
48602040
36777357
16269864
11002277
42071634
24251699
49302378
44824682
46934772
56508128
61804326
99866150
95362110
62372686
85645471
5905884
80335808
74512507
31776213
66208699
21764637
10446750
66593600
72446817
82026890
50153843
68132566
56321744
57275782
30972455
91617113
45636096
9350853
90704168
27580326
71225313
73630514
14216608
45312688
30770703
32390450
23289999
67144131
79203727
62165418
28287022
74600620
37439586
34676160
29062220
5779166
81410167
33591941
90515135
23286272
87526495
27255019
95287727
44561812
83052170
32193554
46533462
75273695
92463861
28839132
72223615
82098053
28997228
63916393
5538207
73550485
87432262
12077615
48759026
2163352
54784912
72971005
57776882
55683942
52014029
5421280
35627018
88022117
16006345
92712657
24636366
40196616
66175348
30729865
19587204
88440699
23322200
30325015
5427924
12561785
1721415
8337739
10106671
48954972
97817486
70730728
13244440
24259913
68906338
77734001
81487014
11300148
19928784
65883208
76697216
20385844
31011554
48101939
61214220
57884863
58182659
62205893
75855525
48877747
35064477
27935676
46969436
95725294
20697215
58211716
22432924
25209059
17110696
31443351
85572147
71840103
38558146
36371418
70478001
4260939
92109085
2728297
25807292
70329233
46225397
77361871
41274003
42469025
67956820
46278007
45935278
90846991
7496237
18090128
96636415
19387408
76570633
32554447
33901730
48433926
6877935
5654228
94836821
56051515
94258977
70532341
75040534
64097975
59297709
39745663
62194158
83165802
49276900
42193512
51211299
68651582
84504042
33957446
24617882
36137531
27903418
15325165
13263538
36702074
19190109
72553851
65532723
44004786
67594465
30369303
43380953
26591141
55034404
87472462
11874053
97406833
60169670
46562375
22853480
55981911
99379226
88988315
48146326
28966911
59240914
76136593
10185155
50627758
80052915
37336840
44724610
72389659
50576264
28833147
75881106
77538862
33084837
87113247
32873697
69929094
93795425
80020975
80576202
63234314
8475305
65852662
97436123
66563650
6995631
13786499
31931164
18446784
34080367
86447553
73365593
63091060
84471976
16233029
72501860
23933070
84449256
29378115
51837814
79917448
96380955
79691803
25810226
26311152
95508864
87806016
17522941
86685546
50425382
9089298
96120839
42675516
38055830
92766638
28691748
70035115
94406295
18948314
91840691
58189852
51491203
10021419
9703549
84769308
78957099
46181280
50283718
59702017
21664294
64333018
97968683
61944396
45556239
69268009
68678218
37286230
89544268
94352382
72522074
54930770
82598351
78576384
77844911
59147685
35031828
59628248
52667735
76178851
82513506
2590689
54816611
56075856
10820620
92812828
4366573
97325170
97016315
88458064
25550248
95470040
79483413
117495
40270578
80552552
55930382
5558710
91223737
33980257
94516280
30899156
24934430
93765636
88657941
56331682
88932089
11252015
77383045
83443035
64616995
18801123
49862326
9684497
24443256
87546379
29248123
64322841
22168521
68317488
16516602
4837229
43167367
24428508
70978116
65079834
37991214
97130285
48812707
28200393
24709651
32167302
98685552
40269803
94165502
1494291
27009541
6820618
65364136
20011511
38212911
79085293
20696970
47169375
76676221
45977262
27062642
30629492
21868998
26313942
4095936
60281358
79123476
87257713
26514131
2148919
8414286
70958137
53860309
31453739
32791048
18526693
92983102
3083611
15661325
78557047
97521966
70091158
4208953
91685204
82401680
93945162
63740882
20568522
93361573
16623149
79868301
40046775
63381210
49774451
11314937
86056246
85346
69025759
85411715
73512092
636057
5476467
63845741
12975442
10370991
74007596
76289335
89087446
79761124
59103578
16929499
86965117
14873470
12282122
89014418
18650514
82587072
40365024
54307527
72515492
22318874
77632208
32366576
85821900
74108146
69110261
53979466
75511825
87263178
92097943
73457089
73652254
84205011
87038280
63329473
25032828
82901548
86412655
82933358
11597589
26998727
27182942
57403641
61959518
34376016
76590445
30978977
63135385
50479599
53290694
17874719
16031154
59137881
78142803
69512359
40206700
83354806
18894848
22349192
29156126
45119893
90694864
27598929
11890407
90680846
75946873
26321818
58484806
94915054
19172494
43008174
70794933
49434643
15683761
51384571
28418022
96281090
99641877
6693845
8567642
54079751
46731898
85657597
25573237
9743030
11051893
50339404
31629029
99972273
5645376
57445818
24070223
97909022
50841168
72480059
36243824
58493067
26781392
70968402
33285320
48207760
39212541
44379742
68649680
97697684
53179700
13131226
34453905
73560234
45906208
53723923
23404067
64763195
24820545
43302911
20156657
1899634
58840203
17650304
46784346
197929
16422952
1577652
51219558
4511511
8634692
10405594
54446785
82604174
78949035
75414043
62788818
44653723
18747088
38459934
86331458
99668492
84309355
25234757
61402079
69848963
86890735
14951931
75513324
79149763
87089989
78848544
49497825
55317230
27688434
81203701
37804841
82954403
21583647
16275583
20853057
31449544
66050978
33310071
51959005
90405956
84660247
86401085
35430354
4953372
46956782
93798703
43515037
15666863
38177061
14342063
11358906
58493528
77426937
93240093
49423515
54494914
18415792
18007920
73868666
76338854
18924509
15612371
43343144
86948608
61784493
9943132
53152937
14933397
40149447
44596243
90574608
1471049
18275290
84766341
58783055
60886949
6518159
57662789
75390860
69582697
14615617
96438081
26149499
79522219
67939911
40991343
65541022
90531558
827371
6802110
86977225
90519633
6405392
80703073
1629070
56743157
51213600
20542803
57997788
18697707
58579715
87594806
33767442
43586593
93196173
70132886
28387914
83272776
90959231
66364487
87162772
88378668
44054989
71315162
79477451
41490341
49928094
46128483
910951
55217677
18842782
78680610
36868432
44058649
91082919
42619296
25565981
77021611
63233149
60018039
22938358
89396427
96769557
88572553
72867212
90528959
8903088
84363638
53362573
83915034
89351793
94724595
56665801
53873715
17325425
91816732
15044187
2112988
57291053
2849591
74506493
28644112
41471401
87735949
30582943
47994079
94324590
62558426
95995082
76037382
62130650
76760608
47456600
15712748
13153632
87703729
81271178
77699466
56387753
41720528
98610791
40937522
99161476
35882869
78593343
6775464
28787275
68605418
42062973
40580956
36364347
62093633
32025383
30287309
87295499
41334483
55193190
79657947
98732533
87277866
74675418
99729708
99771454
20090530
37628194
22656787
83651181
60091990
93277127
29029891
64500793
7649716
13174495
19357807
49084477
69026475
32561081
87730175
25064071
85935820
27570638
40529264
22683257
93455090
47018547
54503054
35783873
20821238
77717102
36367000
17040119
13388400
65653247
69546961
416507
81974079
98178040
81741994
60231210
75670686
38212749
60506293
92948360
46661242
52628648
5818447
80290808
98910477
13244774
35188450
76536638
81761262
31483169
33387671
45558100
63089889
54571118
4299271
99157229
72588914
92053919
87102988
83932303
64848204
58039085
88583977
28768177
83830069
44800267
85534546
99651819
9686390
11318820
30544787
73179087
64773909
92600358
42207237
42864676
26558806
76223797
5316394
14554186
74877961
86892444
58661336
74683208
23823362
8641700
43264043
28343171
30022672
41920953
95754743
63605428
57557525
89334406
54838133
26067078
41500131
10648206
74014373
40204834
21204936
79025747
66768170
36299394
91382321
50296407
52843735
92221070
35228193
5273037
92970989
79630002
88726043
81981285
24669285
98792243
88087220
3921312
2408659
87238734
60268694
16036709
16690095
98161226
64441
65218317
3493469
88484697
60484389
8309178
36098760
97397566
11437897
9483882
36607687
3494761
25428932
68169213
92205696
72674374
77826680
4078302
48797467
40987995
30695850
81225557
75360530
16218154
97466850
64795614
97158969
73042626
48719240
63372007
12239187
70914998
22319116
6729781
80930304
11177885
56059317
24378433
58597038
50429703
83493503
68977341
34549700
72714533
49977102
64236008
35690045
58558515
17290897
50215705
6161419
30272936
87281945
85150509
32825413
82785872
2711641
89888768
43992888
89432410
16488565
67085342
8886164
22298918
38994800
35420753
13336500
84256369
32238698
89808917
16467023
63825789
62499120
11678932
44972255
84428902
65443823
48178469
43223647
96641293
15952367
60658861
26240015
15408494
73705994
50392635
25519161
42235999
78108191
59184368
6294961
25491943
23457128
35088410
2926029
71842600
63447338
89886848
36709118
9561169
82330443
37139144
55862014
50212225
22195905
68651112
5059988
74127215
29821771
28014428
70076699
80748667
30175960
19181583
86313090
27175465
70702162
46055917
37902808
91358280
44786343
33743630
24589658
22689565
81554257
72798609
80860976
80752530
24987348
72130628
10565153
31891254
59379723
73660094
81138392
31347877
67332804
36691393
936558
66796166
73678247
97144100
61292242
69060221
61275958
43642722
79453508
30047421
95303327
89839847
80029564
42244761
37959992
12505454
79938467
25350975
69819529
28816125
47956713
4466330
3017728
41881602
86103509
79823485
31170557
17767232
72107618
1336087
13996632
55525589
89264767
61300192
53145023
21629785
93163266
89570557
4547893
15956825
12674630
7277162
46460642
80499396
38702490
92776317
61033481
49937976
16203762
74057217
3829623
710101
34576163
9847212
11010409
34340652
55058299
37447940
25465788
18788231
5606521
81895092
30881155
40986164
99619452
47357181
7235936
93012810
80453255
57824959
21769084
18641085
74849443
30096398
5003272
94452858
17024537
67943958
61652795
85553215
18144583
77965293
40229766
69747095
93892187
18215110
1042464
52219146
11843029
76490224
31881994
34742091
80233653
22855278
39368990
75015231
75964390
81704643
84017421
67937044
69401590
2163725
64408367
30110093
27911359
58689919
8104915
74257345
37977491
80071376
407106
41505994
14143359
49827046
60146276
4340712
83749385
53463039
25247970
9318853
99032887
59131556
79551855
86959942
48592875
9478004
26304958
87834390
22239823
55604518
59685993
39597771
32552495
157610
83037180
52629775
45926538
6052281
99305237
69492034
49262989
78176001
8613327
81816797
70345530
23595239
54779099
26729997
28609683
69796994
90626444
92683469
28366898
42481898
56581114
2363767
57768317
69794686
52516559
803865
99458565
36864481
4435330
24370494
53168808
57480877
82722175
63175864
95926249
38434422
47308480
54855477
50515017
53734841
55995300
69939216
58495893
94536839
55439130
82184683
21031465
52099134
20441126
28373446
29212198
61795538
59408358
42032190
73171056
73781831
94191115
96103386
4574896
32707303
86635913
70170937
99411743
16572918
11794030
59709660
85262269
3860810
5979386
7490732
74452490
70894737
67959316
94492072
80719820
59449063
85253814
51415006
26109978
5976031
93592383
49443159
32936854
61563832
19195034
14740568
57620378
33222000
48021043
58121822
33242591
32821823
59320521
90104561
86760920
96646048
53596904
33839917
66801278
63999168
99131448
61552013
34456014
86893008
81801650
76475514
95341629
45583400
57264342
8761115
11982476
31336969
70591360
60020458
55129894
88628102
68304551
12352446
51854106
64698050
11398727
94042878
28557064
92964074
40774835
54602479
47086208
33089573
60267192
35492745
25749495
22919978
53131076
18486064
43783391
26673023
78883550
91352723
55479079
89430697
29153686
26743163
27505207
7631720
71553431
96551456
458234
96333319
88132833
51193423
54810567
57831752
45151087
87893419
78309342
19275074
16309104
51392339
16757145
93429564
25090530
88153038
52698563
9801839
27408809
94447936
41247442
26673213
57443147
1541158
39884824
65815957
72093674
87712978
62408155
68691923
25228403
28015901
93422919
70669513
53608396
12286121
28612269
13082985
12676357
74512197
72244529
60556630
686989
57308794
87022979
8105306
10354035
77704497
24594383
75379559
5395315
63746392
42701187
24883801
55104040
73905226
69509909
31652619
64547090
94665413
71164919
70705495
49227888
29127069
41586756
90950502
59408125
24089837
96172875
16983665
57271302
27646888
78591767
91280096
74324060
4303429
78889273
45701234
77597335
27306557
57658963
83883385
28657514
80731877
48049711
5686663
4215902
96705177
23911372
84022658
55696428
28049708
53583886
8322065
79209145
71827984
49781047
125909
88179357
83214008
16385712
53197920
52499979
65045205
55428595
27382357
66888208
53774154
54112492
54585911
2834053
47171717
97401885
16063064
39471291
19096509
22883505
22624200
62722855
6240258
85826049
22187537
3438333
51593707
71683614
22534310
35353536
75967631
3937043
8899237
99912136
79504581
83277251
86720248
56820222
68022434
39246676
33321284
20047980
73305338
26182847
72865231
92793221
91033281
87036450
82252431
34616373
88795137
45555832
74011888
22668395
30982850
5995925
98593835
61720456
34870406
99624985
34254406
42694006
85639693
74756964
7476928
94521457
97667235
8616197
12942313
19383026
16723725
5990487
1278894
71114822
49570405
93148294
35964827
88468473
65679726
45726074
18161486
26190608
85815034
63024897
73334639
10338219
57025534
40709337
10321686
70655732
5463874
25855591
46902398
50215278
63512704
49871727
86351493
3797611
83151617
50965371
85758924
75952582
21965834
47788416
91248063
4992922
44266277
24928539
5128111
94919444
48972113
45041736
89447507
66704772
93693322
19070791
18017382
36930722
82326949
31040299
43347893
28132830
7067481
15668279
87847185
21445800
21258285
58334015
97185455
19564663
40761864
72362075
71376203
6611630
86783653
67395822
37061794
1506428
54494853
78647772
29915318
25180500
99739749
98753219
50342094
32285085
91134265
17259421
72802374
17645530
68488187
52858731
72475404
56904039
99803835
37115713
80387529
75454250
42994982
9832680
63878740
69242628
18451628
57933433
29463146
706922
52881794
72546145
15547906
3071992
29670787
40464680
55110770
35544575
76218790
66645119
62278158
6623566
41057525
15603692
55676434
20420702
2828770
16220673
86589119
20880802
67103283
58583772
63655988
44394671
79304064
5510702
31929143
27607600
30283188
89192940
11442893
24386157
35942997
86461726
36507583
73472098
80763013
44889132
56949385
20888139
83606654
55508555
33176532
80473201
27537110
5722585
33800016
90715553
73799999
39566272
71352069
90756509
55411565
22961552
17108237
7394326
64464797
31386815
49517248
86102624
97732272
63579957
12006033
88329640
44950476
53285635
43250145
13164432
24888278
19479075
91442318
63743653
59163603
86080900
2069514
79357651
18780438
25664694
43405757
66896184
57901915
12050552
97369089
75782437
29365294
83652267
77530822
79443424
69786617
53609963
39017677
40619048
4144661
78107801
38854062
49661178
24866558
27936513
11132466
78449297
69813822
15307900
7413195
23640239
52190334
9094798
30862387
52427828
66010821
78345990
61005208
54332545
71918459
14466533
31187102
54408694
87462783
31365777
96571468
63763263
47430477
56329082
34089333
36679423
13738167
91668992
5100713
11656434
80801469
33186163
19996475
12423696
94447476
87541341
4121952
78770384
75232939
49193717
35298880
39371168
24626692
12140534
23580624
76220170
34843370
97630066
3219716
35411103
56724878
62940504
2085565
94174315
90738000
47552500
16462084
97061782
48136210
62977971
72767794
37704988
76560155
42982707
5605318
7329416
15482907
67538066
30620279
88150921
98291977
50957085
47073707
55528051
98519318
26644244
81551879
91975453
74109158
61535865
75377390
53769893
1000685
55988606
56818466
66412817
68326249
86956871
97224933
25690257
16417415
78612063
34024439
79152099
17682143
58440362
38714061
32367104
25643415
71912992
15735971
81476313
22081404
11899876
59794890
75769143
98458407
81386831
50920249
80221200
40161561
27209197
15680129
28959713
31365705
41410363
33535916
76161323
89646467
58031812
81860870
76877089
27637380
81701122
15800798
38098223
5976469
71579361
33282189
50937058
27049663
87392418
40339089
12290383
84865063
60437163
88690983
2461401
54829373
15883596
6065104
13176829
3866213
48263211
19423845
85206086
97112325
73555670
91059790
92781169
60029759
86742975
85213281
82492786
32295289
17908151
23910868
73583990
2237203
30222479
10648673
40285300
99928109
96148202
72531199
17022988
91089821
84642758
61422109
43547485
87816769
44765810
99938650
67417519
28833277
1633750
49895388
89762628
97723560
2129804
87370871
98706205
28543746
19135250
77719558
85451740
81246523
16350668
47619245
26184542
80176299
52130600
10428035
9932166
17169381
26038739
36116971
72725305
28128824
95607838
57557914
10200697
27418274
77931067
84139337
86725526
76411370
91899344
43450663
83474795
31284820
27282016
50601523
57767752
29595652
31596198
72929066
75033782
69491123
56366211
40841951
45145740
78869995
81130182
47981132
17640936
16044317
33098407
42956830
41195182
96101353
79160870
5315574
10320836
49920815
55442767
71013684
22727484
42179780
76273021
14632370
59178949
56772818
8325347
82755107
42657220
28276610
17935688
24467081
98757865
37522991
56691129
36496037
81014546
50847963
82170131
91808386
28271399
89070764
35186648
52975143
75434045
12256657
85801785
14393076
27643392
47159418
75219209
3373324
84924511
77011967
42189912
63363376
14399337
88848932
13429009
96107658
66760265
34552529
40653665
84961956
37123202
35029325
12628079
17613178
25703915
92944421
2242512
96660255
2311416
36465392
28279698
84014594
47790747
79661267
45524424
96183915
31173221
58953869
68916313
71144443
29249717
21088966
50214445
17959254
68095383
49736841
1039719
8695276
69913645
92269012
90972217
41688479
86493598
77686158
13407275
88005102
57794388
81997142
27346293
41895617
6752578
70334254
70206587
13270412
95475663
32402422
6311713
54238210
64347092
34708641
55838441
71990492
60214506
37868787
16415967
73805808
22389792
86936963
38434508
83892990
57232965
79069645
63855091
14984553
46709967
36184075
82933242
11023377
39143984
56816583
35737509
46458445
24829589
47298059
89074588
91604674
17247609
53109481
57587884
56535600
18182092
1265510
52769738
95502335
24809248
30710785
84623134
37600406
33571431
7349027
50835480
2040746
60743691
96546018
1591171
72863681
79433020
12771296
4540184
16850424
88370944
37205183
61691252
17736311
81749956
62035221
18923973
78778357
57775928
85416959
81526712
2849006
1725178
76799349
42796430
62776747
28121174
50202052
10732510
86415728
69790292
8297125
46721442
91710781
64592868
72253983
54888923
46997453
8383163
58284732
25324430
56502878
38451323
81224806
48217074
69560169
48580314
86546329
91161444
96828969
58747889
17643290
85906511
76234636
72438420
42002340
20960766
69783427
19761352
51303183
10194192
15966547
6115489
15407815
99273583
86434017
30920633
97034138
63768429
25623110
77220212
15397957
41863341
37692915
77162199
45102588
39344593
73940974
44850624
90002472
20004238
72214966
24412026
7154453
20749948
6340025
7464792
98920948
39620898
28312842
29496192
1373236
40902892
21063928
95113697
72310477
24232598
4618474
46723590
60328127
80036275
29511999
58368914
49174775
4035553
59645652
7029666
29939961
1399618
19838541
84429426
17433182
87902794
91959259
80202726
60490027
35573354
61490809
86987737
18053400
45904446
47249855
60383878
79070040
10525851
31154017
41649685
46147317
58462150
7192433
80384436
54903794
77475548
56377588
60825589
93053286
30533072
63890438
6275963
34345710
63984654
29547420
30886033
93351929
67700449
27961766
15423072
69080932
73745236
65505554
2670329
29696118
91864058
47435043
82579167
42736758
89078177
79630118
2229483
68054003
46358070
35568546
25368374
5333743
31912846
56170031
75936464
33622911
69622395
72580748
7383088
25767670
35205772
98391651
16081117
31186846
76916824
26161982
34630842
42500389
36123784
75648625
51332266
57087591
49395873
58113979
20397020
6398381
63487009
61358402
51119492
57116457
90268597
25306870
62474495
66165500
42872938
92369994
31379169
30050782
88763415
37848659
70114038
7709969
51398781
78602055
74017196
75488183
36212015
8571640
90873542
76039795
88371778
29131567
60424657
53206722
34065254
2806333
48937709
67975159
3534720
99340708
41743373
21324091
98385165
58823379
7702726
71724489
73752564
49785540
90784870
76012080
16890283
78263894
24531684
51800014
11439939
52820825
90500087
32797897
41937205
52213400
50814174
78884918
94071542
98055192
17656005
61985562
65217257
8815963
13156499
41174566
9523320
22957595
78422106
79657414
52927276
7907456
54358966
93078659
28692947
90940855
50129650
78019616
67788801
42930699
22046373
41374010
21172396
63431979
1821898
40212048
13464182
87648171
97543486
92630198
44549947
26241723
234180
86627650
75882923
1584049
12571089
71270414
74324234
19151387
3863333
71566615
33070984
85339515
65023354
68558298
63668628
11899954
6736495
32426490
67374936
20308716
52504545
44230298
96372693
80085322
3011482
15456536
24034496
59170586
92619966
4570827
68694392
46570608
92197843
99674901
17162244
32561145
41960280
53075054
64532419
89024259
73760879
82382375
35145760
91790317
70149619
1848158
88596759
33017580
18270737
73845075
29772940
32295732
22727172
7738795
53814091
69821673
18123121
63281295
55516303
12538039
5430503
71646690
15942735
74819312
98333719
45771502
21698566
28084494
40495459
21196328
60121387
230723
74152870
82355814
55382650
62983152
63391313
35388050
85720184
28300023
67340319
71187074
19890910
29737342
91006119
66202246
14694514
61364039
33170558
36827256
24153780
7437075
35840278
54445635
96084091
1646720
86611817
75317311
60600421
36040526
82574137
37315699
1443555
59764367
92462703
91524146
41025554
20233512
20295203
59778232
62889407
45073779
61232631
69370498
81680752
19142125
29583797
72845669
50060794
97248734
15208467
65049000
75483250
43335446
31531205
73555757
28398182
74496131
53242486
71997412
63937887
40652581
63551858
99884703
82689501
76945194
47073681
6015177
48195691
3947652
77555765
47345183
44377689
11952434
95457586
62884998
57611773
12312983
32306999
61515555
61964487
61394214
89136609
42212726
12367760
29938838
80245393
67494202
56059606
51493533
49907595
27356214
54973240
39982794
9254146
84784307
92691878
94732734
29537985
89712324
75249628
17726991
43722505
81401567
91378429
79530042
66266226
12809672
68957978
75300293
44051155
55958364
12415558
65194724
26124637
4799376
58131500
51413986
59374397
53250747
54098463
7492990
45660339
10204769
54344342
95873520
26401176
53151465
9792043
55693567
62892996
22008645
67051419
56931989
66220739
17402340
58337774
82602755
61627529
12142920
34689584
20268654
59911775
62677503
10328384
51381745
26627307
88310491
77034966
43664012
65243334
255383
16305070
75738734
83974279
10150951
41199137
52851318
47123305
14903410
78385489
11944773
83674385
69148058
15313447
51739871
19547507
26011684
80530196
35387522
29870813
84446537
44695727
49172166
68157699
37700752
28719041
91816157
95799175
94250941
8952774
53785215
63012428
77704249
98693983
10841754
90903061
39511089
23154801
29643168
43393472
81506018
3903919
8863807
22422734
65075922
5240161
80416867
10810844
72844344
18191446
88134463
1155906
97900576
27858078
26385425
26693234
95509209
78391642
83431453
62188011
46235036
36110837
21536139
67648952
18946485
4180439
99933348
10958271
79274516
83650576
61529825
42376508
83147339
78693801
77654169
45031967
15649962
48410630
1754270
84480529
51811152
92303006
37433508
8361046
84444902
81614435
63135456
70755173
39585871
90619740
17550079
59229710
11463588
68557179
3658848
68711300
68726225
76732380
27409613
86409711
94181945
90080564
24192711
30478285
23745511
40467893
61840901
12293143
60008191
61090971
82079091
2061252
2160491
27464972
57616550
86796002
60573819
27612325
85731615
25005146
66430568
71548850
6056095
55567056
96408179
39407876
24320440
22385203
3877995
19087037
35629613
34680174
45077472
88807585
99637836
22591937
20813341
88461289
43202545
99059676
16402759
9875318
30920788
1504487
69616349
30062541
26397726
40567605
76591154
51097055
40799649
4999228
25893385
88268703
24053033
80401203
90437901
80040424
94410408
47707874
10373082
28276666
30658377
88460798
55496944
78878465
32115453
78528954
76087520
77787095
68580730
77824217
44662613
55112899
97383954
17410120
92219548
16902882
77146079
91105464
5611210
4997551
29999990
16186199
87338093
68030113
78747382
51225397
53519122
18921622
16498351
86585800
60964059
57026874
52462031
21065286
78020995
19094137
21171385
28143484
75371466
44713924
41229910
92527191
79260038
97186564
89674889
66564890
49134975
94897445
54261987
34695124
27935357
76164224
37627893
36269166
56528844
69790381
62525488
15590692
44205555
14100390
3607806
58651585
60364825
15064533
52528312
90272574
94397914
43845565
2189928
8790802
40401717
69339391
113998
47300
72959371
92979041
98858954
57963372
33162500
15271729
16206201
69857891
36173061
15676413
33303315
58891019
74744383
57345272
69435308
46765360
25958478
15062466
49652433
84259524
26887499
45032140
66026220
90402276
3944112
13057923
53048053
41305580
60525305
35713894
93514673
27555485
95368180
3280740
4374078
78407841
27169999
56244471
41332755
33134460
77932109
50293095
63023196
54864253
56081917
83412776
94218202
4947857
25329976
37885404
23357071
8578141
15570746
97442095
69271503
42033058
3369596
7219688
26036665
1708607
71232808
26826131
59581998
97873017
79232387
29807565
61701792
36976634
27099213
98968037
22788914
5764463
34503893
41885170
78742869
3013068
48029764
47232870
6739961
62928398
89127571
89801848
73460233
95556558
16722165
755754
47218141
673964
24790296
5333547
98526331
39198848
81430511
67862911
55184384
76839678
74955238
87649575
11180646
51166000
66164856
61271363
87981695
25175304
59433006
54467471
76371716
12159180
7327929
66953447
70854728
16157765
61303620
77571121
77277303
9512100
19926411
70085496
21978767
6556990
59596469
31505520
93617217
99816625
52643882
1000918
54228991
7515736
3858607
11457410
49967683
74741232
58423303
10267609
14857620
45756915
78305130
56249828
88064069
80206710
9614325
96520538
43171688
45789686
12001289
18631400
28813712
80890299
22361910
26222140
92113936
78467975
58929241
53117837
55390824
21364027
12468885
40952838
64650636
62680384
72570814
84801682
9306370
31308768
94601955
71055654
3082995
22021041
22710903
26094141
20358956
92087829
28658141
3136514
39117444
58128323
10968621
3314953
15110236
93261958
32415241
43396607
68921955
74332016
77405778
56631488
91659382
1182964
74089321
39193372
26737179
85040959
17813031
40712264
92735984
99698265
78909396
59197225
82100018
44355564
95779873
85790007
7646217
14469603
95899897
39722819
69138147
89902342
52404975
99838348
88131058
23124190
88864241
83972382
27492869
32088241
77607881
70420891
88056517
25134404
88232421
54143863
66412388
96678166
55509830
44183002
7558241
29822306
76786633
59018165
33714879
2192728
31408655
2467083
65764983
8317290
31273177
40692043
30188231
1616118
67805170
20227226
14490710
87638612
49263028
76027441
96152160
54498430
71144317
85621557
88365043
27988526
84961526
7932965
89458095
49521404
79193215
16645305
13323086
47774370
54878789
18102268
36797163
92194616
36631005
57485960
73007084
2213311
79039955
56463949
27166556
93610449
36967314
84737550
59823350
63708153
38979191
25152143
59441107
11252738
88984819
66624745
20027266
98660064
95457968
11227587
52636542
18371134
31647059
44212304
60016916
40353554
33681977
94986478
20780296
91055976
80203496
94599382
91690972
34964229
20776436
5344031
16111631
14486143
88056849
62723684
94356293
47430855
11624179
6879708
58086280
51781124
68910254
1954994
36436460
3152963
36836571
77953733
43058426
33231666
88927693
74378415
29643995
89483094
43206076
62845659
95953315
69287364
1350328
47867283
73362506
67149038
69935039
5136357
35715270
11193129
25140272
44229824
53035192
45826128
44267981
24698870
87582003
9337815
8035262
69349194
14648112
53157213
99624810
30103467
46694169
8846270
15520110
49423329
66182260
57892113
21537667
76193053
94912081
59560892
41681871
44308061
40069716
52472123
92504300
26578896
5030725
47514256
38286077
23177973
99867120
24603506
82405046
41705887
36276617
98673775
97423180
75511698
76405284
18490946
33584518
81477561
15914049
33755200
89728057
81483268
16446902
72660001
5210610
75155331
10212988
81359153
95907139
86210016
89520936
8137767
72290695
87811976
99539762
32904215
53001694
60187634
32831057
28332301
55015175
38425996
556001
37082513
26539731
79987533
16082551
5115976
35118
92210800
53834692
87893509
22445263
99563165
16956406
43200426
74343094
36125650
81379532
56655003
5430165
26025644
62397265
83428964
81202206
26622657
7927205
12634867
21848127
55409312
20721678
61937991
83773576
53742723
57100756
13905542
50589366
38423891
1562541
60610601
8229480
87848820
1743415
9069406
73798427
39586460
65533643
21392834
41059883
15819489
47894827
19054832
24347455
94991281
68707200
44030007
23415722
98530779
64167337
22579241
51540818
57489198
76267109
89797712
31384853
15672693
48023465
9615039
27021265
48032737
9080095
10533479
47985076
99770981
43204660
34697471
15258063
32050996
7886800
14010558
5651397
86958859
77163486
27566009
76243089
79299557
41243406
41598657
44534059
67523666
83423098
14308726
15934808
98092315
94896803
80064237
61607250
70628102
91682544
66366447
37193582
98605675
59083444
84149407
10406108
42839943
49939482
35703406
69555248
50575203
66355797
50457689
58629969
61194876
95853484
19034067
56568058
70441759
21765740
382583
45736311
36725018
52707672
82539747
76382212
53041728
7693509
429358
48927525
93432796
90859721
23543385
62126810
42808222
39971120
54359798
90575328
88614716
50319948
83599496
33059654
98632247
11919547
91747178
23555587
67944235
84861081
94378438
79921326
40388458
83486725
60514435
98012825
69034628
78470446
96218874
78936709
51519179
27031742
70609687
83530747
92362896
18148850
48393444
69814297
94138974
88088149
50123721
32033941
79901172
79492014
79688210
12453570
93415900
37964379
88019359
80659186
26984467
64164197
37694297
31355801
39117186
54354358
21842600
87041640
95377348
80395462
76188116
65068751
37113820
21565341
7860021
99919409
32148255
33230121
90280943
12817910
33914948
52020344
67013046
49760174
53669355
82589710
14524460
79936724
20866469
96204029
98362860
50157830
15461635
67322138
56990587
73210649
4411433
78093039
61806714
56871674
25688617
35947701
40430300
7203698
98130367
13989465
29223296
91706965
31591587
94654508
52579916
2084491
62317295
10446439
18995640
10391365
31464316
9963761
57896271
26556287
18158142
46303431
97122928
30184958
64853182
43635840
43110290
86693416
11771524
3146265
66449799
35331194
28724543
52078470
28423851
30919760
86513231
51442345
6977162
86013978
45525676
30534108
33231855
61189590
75942600
37630378
83321878
77489191
63624857
71245277
82578696
33303876
57510229
60937582
20356132
42614677
23701631
76198623
41765257
58315677
61161251
36469465
94535421
15353271
3700976
18217306
13408997
27166438
7219496
97091917
43999739
66326
9040521
21997428
16886264
80095403
27780125
78792616
38762477
68902447
2963177
85014962
94753162
64942110
25026851
55179082
58910310
85490317
61420424
70849594
82998638
41400894
4529001
78757805
91716914
15644937
12610387
78711345
67079833
6687496
60816295
4908855
52873764
10268092
54375433
71462201
46232495
81376194
19673515
77580103
11990136
39515486
4184507
70214806
40220136
56010570
78337314
49734498
57182870
27413386
66610390
97544130
46257429
31756716
51656950
6388158
22729697
11763859
63330312
56857087
2628335
15445464
530236
71488462
14858675
66224889
21102208
96118529
83019663
67826580
39449332
62943482
53381956
30416260
90926424
31293494
37123554
38538789
51381722
42995602
66436635
63898105
23691708
94437672
8167246
12544148
38855106
11062341
64567567
47829924
88590471
65189815
69068822
56581164
62701131
28287580
51823634
60308033
17096088
94209751
52164166
23382108
93074803
35923535
37629989
84768764
81358178
26874155
88262336
91535475
88762174
47182221
25982749
80559299
13584365
32662461
71817639
26956878
59963352
47319556
15334177
49682726
8417807
96093856
74209953
10651752
6702318
11004101
71346117
71256441
42666035
96628204
22655756
8016761
41178109
33178215
45417252
74002607
83180788
28660281
26901642
79071202
22572055
17867552
85329686
58718715
75836432
13784242
31443958
86578615
14558008
26996079
2353781
79190923
77934124
56621637
70843901
14379510
3762954
47559124
72686017
39731827
47618547
43540806
38946613
54063200
42502071
91205976
97165076
28440150
84634616
15572918
88464366
96220203
69613893
74392624
74823653
40863820
26755085
36366956
70120171
96962955
27566556
37531997
53630539
10938533
76629973
54722096
74757372
5823676
64888538
9986670
20516338
57900990
22988721
41642012
18544109
64509744
37145201
47451646
295227
24107339
68416534
55864534
62064953
76539491
70650378
492285
99244165
92447626
77323587
33032535
94932220
69408336
31294874
15085806
90569321
51718510
57556055
3650380
16402637
5910790
98675959
22719911
2964532
12728475
20209775
10745677
45782419
87587447
94318347
810706
12498631
24867082
84317960
59819642
49100382
59950254
10807514
84033511
69799898
43879542
74744836
71956573
89834502
18232776
90188796
57311036
63959047
28565499
43345738
51325247
34090983
54628117
5832788
96030226
6836869
19304612
77781898
7573501
45062934
43690317
13119424
79411639
12867264
94127994
83148221
83338356
64469073
24574874
84683472
25497418
48163434
63550917
66785450
96136898
6117906
59881624
7423904
93868172
70437518
66446777
49746806
3504139
39904942
67901455
83602076
90007806
59394688
58228878
9283566
45381892
92385158
60385273
34255697
1607958
19586426
18742796
5132206
7186118
77977382
70665030
70415472
33985790
45889758
31990710
34137315
67559655
73093048
99380519
37049346
51899278
41445961
33826681
55510210
25997038
29918487
41944211
81158863
80497963
39227363
99205216
68748505
36019290
17373627
53701688
63785722
82645610
68809095
88104045
28181324
81923368
26218503
51871402
90904884
6310617
47118610
97018560
62255247
42443655
61035530
77474423
28539927
86390983
13813309
35110824
56961180
41639049
21721824
6337834
61930747
6520592
60644312
43223231
40668044
41012603
12888564
