79547924

23035484

93423844

26058204

97221884

27072584

97103004

32692084

91576804

2116904

59958504

7476464

5935404

18253464

38295604

20207144

44010444

19857344

42582204

96901684

13073144

21537824

81369404

74477064

82451244

72155484

47560664

9262044

61456704

48896384

55028584

50498084

28424864

32868484

75491944

99749524

82931124

46091744

79211684

41378804

71552164

15496644

24874204

88951024

13852904

53107284

64205064

11787124

10555504

19597564

46098164

80601064

86946564

27707464

59468164

32369764

35357504

51444504

17356844

35492284

76016244

55460444

45704784

69147064

15784884

66542324

6866964

20235604

93527704

96390404

15014484

24410664

13097064

20444624

757424

15512704

15550384

17933764

36658844

11934704

91803644

99483044

32382524

17311504

98313564

89113244

84857644

39373244

29546884

95515344

20695484

8771424

80731864

29421744

37017224

65623084

75080724

33946724

4177624

15965084

60817124

23468404

21082644

46988604

36597624

45827864

46244164

1397304

82091624

47402244

30176584

31857384

68289524

79959684

98041484

75071304

41847984

7528744

60399924

87991344

36121644

75955544

82317164

64638684

87719304

16082384

32861684

73210624

79515644

29527784

48330204

93353324

33681924

80318844

66980624

73977564

12825204

17831684

18820764

46009424

84635504

40456944

43387464

44111904

96365604

26748524

29965904

74410844

61598004

67388364

98155584

79096644

52111124

45173304

71817184

91759224

62567964

74644584

38090984

73052544

95357524

18382544

39644604

21166224

64512724

69795684

61926604

20961484

39727744

27183664

69346544

60540144

85084544

76022824

17289164

17275984

73567984

182204

49056304

13103164

48946344

46078164

55871204

3010244

78753264

35032164

44486944

16340904

73132364

90155964

18432384

43668824

48429024

97134144

78606564

17920564

13603864

44259244

31156264

65231464

82168324

57934184

80270424

5778044

78581364

62489684

85252764

33288884

24715624

21112244

35955424

22757724

61357544

60739924

17951924

96055624

70819244

92628264

6167624

92438464

90836524

108284

99392864

46189764

86142124

2537644

76552664

70721584

62887284

59136204

56465784

38570124

291824

55557384

57553924

6093164

84661064

52615984

12648344

73880704

37436944

32265904

42830044

1038984

72574264

27816744

56072164

25606844

11575084

17792444

17407104

12975324

20286604

29274284

93379624

47120244

59605624

63668044

16235444

60793784

17590684

29793604

91104404

85303084

59025184

7450204

25988824

29884604

21634724

38154964

25886824

46112264

15615244

29764664

61881264

6082924

35501864

82232824

72267444

23167364

15037544

19698044

17680484

60783204

16298644

5281784

74276084

94524324

18730624

61085804

60809664

41009724

96336584

62616124

31731404

6658444

5614344

83994584

82204724

53175424

55043664

9003024

93532104

89333644

70111904

4918304

49226504

63991924

79708064

69321044

47202504

42761904

29697904

53882204

36941044

57899704

28809464

35010384

14277684

77404684

33618544

53124024

94118204

98607444

58077684

94090544

88368344

68178204

64250424

10912504

76275244

54213004

78179304

89375104

6075364

20334964

36260104

93132044

42116164

84007064

32034824

49755364

72905104

88250324

89747864

3025864

68768624

15235284

66839224

2107944

9301864

10558984

81169804

33428904

88118524

79896144

36359524

80128884

74872044

76844604

5518364

74635464

48113104

21469144

88662304

57922524

89959724

89865644

36532684

30963124

60032324

85516644

95038864

83083404

37454544

44681424

17906624

71244664

24343444

83091644

84997024

33334944

31246824

72772064

58697204

7661364

44088044

94132924

18483184

20980244

72998224

3233604

4764344

39623804

7305824

71992184

56878104

7399584

2147344

78500924

85554324

54346284

92789264

82801044

61786904

58787524

53763624

48625544

76926564

15706884

56165704

16712744

78509664

39867264

97918224

48397684

605324

7096444

90924164

90528624

61505304

71522664

38574244

23067224

64665524

22531744

53078324

60219204

90077104

57396524

94943464

83231004

68906884

13068524

81448704

48481924

61623444

4541344

67110944

44226644

35244364

61405944

7446024

49964504

22891524

86819624

88066964

78103344

19892044

75186844

29543304

52514504

48868604

2726064

50181964

11546284

10591484

