82404746
35279486
54105726
24115726
73255586
80245286
34105366
95323326
40746166
44745246
67457926
43278146
51170086
65684246
58124686
5295886
51094386
26460626
77179946
8880266
34971326
60009046
90447746
78530986
98786566
76354266
9772586
37127046
57958206
12435226
18630926
3982726
35490006
8175126
76911906
51521466
9187586
99804786
43087566
47191946
18213046
25149866
79112626
39772446
17189306
14311586
8866846
20398146
69973906
88657786
97453606
88162966
87380586
20192306
3871666
9156466
61547766
73230246
53896906
64058666
19824626
62440566
10756626
98142546
81174046
30953946
11991646
59693106
50421026
93032766
23209726
70081066
25009326
75292006
25947386
35303506
14035766
3594406
95640046
55117826
25663826
43556026
86952966
45260766
53699866
7266546
17282926
51573466
16072446
93758966
50639126
64449766
76470066
70373886
62123986
87198866
967706
84385486
18330606
62510226
72759866
13449246
34262646
19314706
48913786
21492906
55133846
90052246
5704646
96203066
6053886
26641766
49074566
81995246
55487506
58573506
55174446
5535906
56334846
85935526
31463026
66532366
38658506
43288986
50744606
11212746
59886006
69388626
38103166
94684346
5334906
42780086
48800806
71923906
34190726
15129186
93507046
31987586
7667706
41499466
67027466
68174826
92500706
18377546
29018706
80852446
15090646
3796266
77730926
63837746
9880346
65403026
37441306
25911686
19859286
80579086
88131986
69538006
71506626
84301886
15466766
36112186
5855526
38384086
1193406
97466426
42539766
244486
50990326
37911006
70814406
76800146
81880286
28607206
95713906
94596106
59955886
75146566
85787946
66032926
60795446
26297706
26535406
80949426
99489726
48069986
32080666
185806
38088166
18169846
33597866
12961026
63790686
67243186
53357346
99941386
62891886
47970066
68078806
33150086
15419466
72013626
139166
86911246
56922786
35633106
34687706
54150346
54742146
21581066
17971606
11553666
54115326
29024126
38942266
65222426
70213826
74689266
45786546
29931426
62792106
56205926
28467946
5407906
48829906
28208206
39990066
88757566
15340206
16673266
81215026
63625846
89216546
78858306
40380006
16968526
29419126
62858646
56661326
76577186
18143566
57875966
53952466
99753046
23288686
17883126
51005606
15233606
8458046
15906586
18344726
28271346
80785286
40858626
72828126
94314346
9705106
85932066
13551866
38759486
9941606
16635466
94183686
5473846
35163626
13607326
63328926
22711546
91388486
87996146
73309146
76693306
45009426
4790026
53594526
93999166
64123466
66199106
32636246
62751926
67013566
30144686
26715226
99928086
78174106
66215606
66335726
51287686
30269026
54933946
75072186
13660826
55353466
4561326
83385126
10556586
32693306
89401166
22014566
62606726
86781026
52721266
50929126
89223286
71633666
46204106
55885906
44337966
67192586
31509626
73334306
52938186
39107206
51651346
21805226
55088246
26496406
45463906
17337586
46257006
66413906
62232626
74203906
32751106
59150766
87303246
72545106
84238106
34401746
48184486
57204926
74772146
73156386
96341426
75079906
10578746
79256546
70340626
3944826
51449846
14747206
91382846
28115426
9783466
43944306
69805986
41634606
96528246
82230126
412686
10023206
29127706
99554286
26656366
4924406
24650706
87511106
23171906
94071406
87394826
22425306
66068566
76054866
81187626
47014106
92312366
7503686
78865366
32460066
1576426
26456066
15293006
56430106
92701346
40786826
91192426
3163726
62955906
35317266
56942626
55253426
18954426
21481766
88153626
22787746
83300846
57246866
47163846
98804946
73713886
91633726
43983666
70041966
4538786
26269406
16041306
2423786
30795726
85148306
81536726
70432306
1509626
83022206
34611406
53444406
15630446
27769606
16149526
37298726
75669446
12442006
21716466
1315966
81729746
45762686
81701306
7178226
83411286
67066826
71791446
79925606
73157146
54754186
77654646
18273806
25587626
90008366
39561406
15806966
17898666
91716366
37026586
91309466
56022746
78408366
14490166
87794026
59401586
51296386
23936266
25561126
46847046
2738286
62478906
21459526
24996746
95088426
15676306
52194546
34727966
43511066
37183246
41771326
86797146
37356746
59078466
57561106
32265166
58071986
17226126
19897566
20657226
24977066
16832226
70418966
70217526
60296426
25268326
4088506
92462906
79098206
61790046
74359546
45713066
56446626
52051666
45487746
58313746
80987286
47581946
51664146
4780746
12259286
66183926
25701606
98663206
89224686
9241286
81577946
11056066
41801506
96608306
66098646
27439406
9408086
54849186
57013106
45545026
58361426
10324646
60601906
