21008482
38412582
97885722
31185622
5929522
72460302
28696362
19276362
33192342
89339822
88232062
9576202
45185602
58402742
95643502
58259802
24823642
90810802
59588682
40962782
95527102
27497382
89542702
84595042
2889022
65425242
38554842
36195462
19100482
72407182
35689622
75953342
41313162
51239862
39661662
15293562
45500002
62379822
47412482
70791662
58612482
47967422
40122662
44344902
3450842
42740862
3674222
48923742
21684842
84045982
15000322
49307122
21150902
61043542
24637702
21130422
44491002
92954722
45496902
1228322
55518162
88891782
59906682
1216822
95786042
11525122
34331422
6959602
92390982
60963482
44477962
49200982
42084682
89138522
58291622
46495782
98292522
912942
72260422
56315542
4391942
46882462
11617682
79408322
70067822
1982282
45452842
95461102
2055882
70910442
49312482
69444622
22780242
73729642
24646662
13503182
61536142
57803222
53958262
33114162
90235422
39457462
62771482
92843142
48668542
93704582
90108682
99860782
21742082
60880982
65624482
94459202
97364302
81656522
81716642
56508682
65425382
38475182
65115842
35740802
4037762
13924002
44091202
27168682
31667102
29752942
97643302
69778842
48790542
59189482
44408822
75405282
15727102
60660422
10398282
83944482
96352022
99100802
88351222
75466102
66712762
23942882
54292162
76191662
12783902
94672902
76706522
24235602
51649402
50630102
48665782
58479722
15023962
78956142
56550282
57210662
27272282
51493482
43174582
21088462
20729982
94888002
39232902
11765982
87256842
32539742
32166102
83836782
42029162
59475502
3939082
34685582
81550102
80067822
84882162
43614142
81393702
60026562
84026882
10068262
8229002
37484502
70784842
8683642
32661342
73671322
28735222
47702622
55085342
60028602
49859782
4727982
2968862
70891462
29398902
96950262
2623962
3279802
53195482
38386942
44765522
99985842
36000122
84218762
67360262
87066782
89205422
75742542
69021922
66049182
55239382
62671662
87532582
17091262
18071382
43769182
78484342
72506942
10676402
3567002
19027342
4671642
3718802
41706662
45171762
66341502
52299122
90228902
62788542
91137262
75436802
46118962
46837022
85812082
49431782
312222
65002942
41464122
33505302
50383602
25554302
50829202
1327302
17876482
90697122
74544602
28174622
63000922
33891262
88882682
75665222
91210742
33377342
48686402
24429302
89025922
79685022
84230322
45601022
24473762
45458022
95624882
17790962
85868242
59694782
10135542
20825662
97077162
8261102
94619002
38140102
88203822
62195922
96291262
89515362
10792382
92785462
49237302
39796142
7875922
90437442
29896682
67565802
423362
79496302
84456542
31263762
15933142
36031682
23977122
11776502
9534022
56157822
6023982
78629182
6211502
56480022
18729962
99236722
51786402
22018522
84047502
16774902
7446622
169642
41891762
54070322
14885182
53107202
61309622
76560342
71225822
51198382
61235882
12038582
12482782
94148102
50636562
98613982
63385982
6905322
64054782
86491862
85061142
46574242
58690662
32009082
11623642
58797782
96042102
56527702
15256802
51002342
98875142
17762062
20416742
44571202
24515962
20029722
19290122
4415802
63156042
69703822
64092122
40936282
1310542
36484882
63529222
81611362
21451482
7370722
94545662
59195082
78931942
60796182
59333742
44082602
97156642
61016222
96119902
67759062
97337322
59685502
60647122
16437042
83255342
12210602
31728582
56375482
72769322
76816842
49356042
18962702
63686162
73698842
41622602
32877902
45720162
64809902
84228122
16100462
13920062
61730682
47693462
42579202
79123982
23623982
10469422
39843362
48469042
59596262
11052542
6334782
7893522
38342262
31636682
97819122
96364542
3944002
70748682
78542322
79391602
35502462
19677242
94893042
34537362
41490962
42602822
24317202
4030222
26213202
60825062
97302462
14258662
45771222
45179502
38144342
33521582
90162862
39818342
92030142
8011122
90513222
76978242
3027202
13705862
57500402
65547722
85272802
57276782
83830882
28763162
78461642
91864862
33241842
28815242
11806262
63101982
5505402
75131642
4852162
60665062
17580662
85118702
97963382
58093682
10202062
16918182
66224882
33203342
60146982
7536142
80700822
48133922
20621662
31108582
83650882
68705342
18183522
13241242
36411522
22790942
92345942
72376922
42891422
51299242
85851102
29179642
51598842
9616762
20561942
28765722
63440262
37425382
52554722
99566882
5229762
65637542
