54509175

65584635

2338355

38698855

92739455

25122095

26589455

50731455

33696355

8126455

53127275

99814395

20483635

10152975

63176495

83953355

24612255

64854155

45681015

9252675

22715915

13817495

66961435

92882955

77181555

27216035

68077195

56240375

16659915

18025575

60088555

77018935

68157355

71697255

56937035

6311475

66270515

86741195

47400875

41768155

88603575

59834135

15353335

73250795

76485915

21157195

50937455

31176375

96931095

35990215

83489295

90805435

4716775

14430515

10728235

80934115

34673835

14535155

59889535

93580595

86510935

83532835

82381575

38547975

35453135

89730375

18193455

38261475

77153735

93686675

64178515

75780735

49244735

34472155

47339255

3525255

71419875

76783655

63057475

20338295

20477255

34173675

62819095

97901555

25325255

17303395

18996975

8629915

31882855

49961035

65137575

74038715

32824475

32014895

19416615

70305515

34756235

42849615

83746255

28004075

95277035

56215275

1874555

16450015

20278895

81671715

98479995

55015255

937815

86442435

81602395

68803615

12409935

19742115

79769415

27919915

39467995

83087175

76291435

81421715

35337315

79509935

91191695

74822695

41819495

19620375

91253315

60967415

80363655

52747615

94242555

5388035

76940435

41295495

33034555

35096675

73043215

18002895

4109735

27235535

51059855

65889015

56513915

34175695

28300435

96928675

25730975

92687815

58595935

63906815

81061635

17906115

39327995

94624195

85811215

21746955

11142015

62158995

77934935

87923375

53151055

95993775

2758775

68748615

89263435

51098035

92847095

53082095

5125835

23507775

56394875

93645735

44910655

56258175

7304915

92635695

10764355

60315055

20161115

44560795

9179435

74763455

54538295

48166615

16024155

28905135

25417815

91565775

32385835

40442835

86222975

97566355

86626075

47854615

47011875

77890235

34908475

95729115

52105735

66763215

73848115

49005695

24919995

2732855

84404835

69239175

47500635

11328655

69672975

9523235

42872315

95221275

2122295

38551515

10988255

87456335

24269575

74901735

48329555

88341035

81898915

59528195

71305115

38777455

92351295

78159495

43148615

50741055

65208195

91374515

39157955

74168475

40868855

72578315

73355635

48707035

40456795

24016855

96066415

96094835

72905915

1325235

15403375

92141195

27284435

96506835

37135415

14196315

44332395

83110595

70782475

93267055

79350735

39518775

78173335

71696095

36020195

48381735

96692395

31827555

36184495

99004335

60040335

65571835

42596475

98118675

24326255

49195575

48181055

87053075

83024735

62314695

46391515

3766535

70157135

88413555

30282835

24988635

30691655

40241515

58925415

87472455

6772715

36132675

22248015

55201855

97117195

21937815

93308655

8117955

36093655

55357695

38348995

23913075

40649815

83810735

35011775

45677475

2334895

98570855

65315995

9446675

41637475

38817555

93392295

91015535

20505635

94015475

99206315

24328015

64751055

39475215

29027275

70640115

63447195

37931235

58381835

40204975

20197815

66280935

99050335

74928535

66568255

99778935

12177615

85043035

75836875

96332335

28508815

61108175

65403555

66528535

94614355

1104315

41508095

14388535

36250315

18501615

7643455

85760375

36392795

56910935

93861275

83536155

27131635

6984235

83664075

44327635

69983035

18727135

59585575

20467775

89892595

6766435

84329855

46037155

74441775

6941315

48232635

87677855

72953675

23742035

63527735

64679895

85963715

6888135

38619255

22681215

98776735

29866535

14945595

41210475

86043435

18323475

71291515

41697115

77104995

68305575

91439695

741035

97744535

94665575

38881015

27802575

57119615

54166975

2344415

55819395

4692335

79745595

81014755

89912515

4796495

12736815

38405175

45687675

91551975

7366035

14783635

61779595

66873555

55248215

48451095

57429475

82898935

18138415

25742175

74853915

77430555

63177335

67644735

10415895

55120875

62880375

52669455

13865995

48472795

60664315

9858575

47263815

56120115

92052195

36178355

52264075

18483755

59802895

14826255

49444775

5991555

3942055

2354975

59261475

51227135

51726255

11901655

6555795

57735435

57244835

10272035

33442515

81957755

33869655

42321775

1636375

57594295

13630815

94714215

2404215

48254375

19551655

77421995

38362235

13584255

66440675

30834755

39322415

96449535

19376555

73268555

90821055

90366635

38105595

21867655

76410915

16621435

48505335

26672015

61695295

20570055

76971595

87480255

98742935

3413295

14693055

89700795

96074435

48350895

47845875

32979555

37394755

97425575

76097335

39381235

37338955

45978095

78380175

68835495

98920695

69211855

72260175

57802675

58263215

59778615

38476795

53223015

24895715

2186235

47908375

52500075

71306415

51788075

45375955

31420315

42290255

29761815

72051275

5311875

90070235

64094675

95411115

92989235

