39513681
85637961
82513421
18749901
67415961
43663461
96099741
53654461
31854301
29072201
71049641
45143161
80157761
64586861
59770301
33932881
65541001
57807421
65337161
95213281
38277721
75540961
18730121
72573321
60183821
72895541
62816161
86205601
25192341
4250341
11044961
95090041
95162881
13438641
52710841
27062561
46051581
13068621
94072061
78914461
89476481
70593101
30454741
10619841
60578861
36791121
23622921
65261581
14577741
98591361
463321
51091701
91848821
33310721
34131001
43278421
28263101
22037081
69372061
69863421
51908041
17344781
39492721
56829761
91059881
39162701
59874681
17765221
15584341
56677701
14461161
50407001
74282561
84384681
48296681
65395841
43776361
45357301
72498561
8291721
44294701
32938141
69367301
56917441
32453201
84162601
98640201
46111721
83128601
62054981
7960681
61820421
24764381
89279101
42741961
64393561
27980461
76748641
8730121
21373441
86424161
64211721
42584861
49179521
89260561
22092621
52753201
37517121
84497281
19662161
35224981
90487081
57177401
51959741
95437861
11641041
29309621
54708101
76791481
25926061
25003961
55581001
57605281
83793361
96949941
78280861
47475061
12258001
73378041
32804941
96375721
32291501
17750101
37394381
19546061
39494161
9176621
2290541
12596741
94505141
86520701
42317661
63482081
73042161
3591841
85980961
46398381
11028901
82652941
79673281
14928281
5364141
9103601
12244861
16305601
39565581
62952101
51409181
20032401
88588541
12269441
81364821
23583481
99319461
31583121
18803021
32444221
88875741
76191481
14821441
78388881
27439041
29060621
90625061
85291601
28271921
26200341
17018821
44374141
32182181
43394981
4837701
62488561
89498061
12252801
88814681
36924241
74290461
94210621
33307681
42719681
21830481
13456901
29230341
61501221
67047901
24297501
1313161
65070701
70647281
40299901
90080861
56019621
7756281
28475001
58388341
8612901
50490881
92614741
60788041
65640921
68790921
14113281
7279401
99118521
45354801
17027361
55984361
45550581
21602061
67036441
71446761
26540321
13766321
76090061
93960701
63555761
20801341
63430921
12234881
63872581
32368721
53764641
90750121
23196081
24641281
85942561
80741461
6106161
44392981
8119941
98958041
64968121
45129481
15857021
99911381
21700061
78920841
5370461
68925521
55448541
14041721
93874501
20317881
90205601
76091021
24034721
70149941
23093001
65618541
12955681
89452241
86463421
67555581
90844041
33537841
17405761
88701301
88871761
55801701
28060281
20342181
5331461
45587561
60340641
20441341
44814361
73033501
52702281
31901461
80351621
53169341
13693121
89367361
25165521
46984881
41911761
17390081
68520381
72625701
88984841
72347401
31529201
26993401
74933021
17221861
48207601
80293941
10287281
79621341
906241
10626361
56942081
8941101
67973481
68220241
64051241
24654521
10679521
29807341
33485561
84324301
79647661
70691281
35915701
40532921
73982281
38570661
87973561
8751641
54046581
70600341
56769041
94109681
27422121
68668661
44952661
95010521
36313401
8576761
45636581
32051641
90123681
9705981
98408841
56699961
7802501
40140781
62827481
84338921
84146001
33292581
78998601
18617341
38490741
75093301
68847321
12919621
69402541
55488601
14030781
21059981
58268121
80385801
51405121
23231681
99024021
45949701
57635681
59680081
13294841
9971421
69190201
57656901
53460401
60279801
96007661
27934681
79568081
16610581
19985701
38929321
9135821
58780181
23436961
12732241
31324741
49611121
7543281
61835421
28533401
21204381
29729201
29701281
19705361
25860521
70559101
82426661
17135541
16306401
99443441
51188041
47858541
15593681
22776021
64635981
25447821
85628021
34814701
637261
57472541
65215341
59006481
47076581
85119821
68511721
11685261
97656241
75009901
17499001
68666381
85108561
79349641
43890381
23601681
41862521
8393221
28280261
94100081
32895101
29796041
55073141
53535241
77700641
76659981
69443661
18213081
69179501
87654801
32755781
73759121
7387801
44971261
9561501
25318441
62380681
90648561
45874941
20681541
49688801
63509681
59333901
71436081
99871941
67380781
28577221
68230741
87633761
64400221
27816041
87368141
26527481
40378081
58927461
82737501
91172421
96741981
63114321
56870101
19971161
48109101
1559621
37407921
85843321
54461421
99532601
21025161
10280721
58272741
63482861
44536681
99178121
97159421
90058521
40766381
32727341
34716821
48719121
