30493223
18558283
9146663
55493543
68867883
25611983
82178903
15193843
69594663
72137363
11082783
31449023
66667743
84528583
76148343
99156123
64145443
63572883
28594063
50060663
95285183
51222303
36659803
64713863
4851103
24871743
53967863
84378283
92588123
18306403
65330583
40291983
94451583
30297403
95800003
32198003
10332923
20826063
84103523
44348483
56696123
24566383
78320223
65433443
73044303
24789063
44204903
21844543
73654663
10759243
51983263
75403503
1285783
55383283
57720603
59655483
6584543
55649863
87870183
488943
53953403
73882903
50270683
96344043
11807323
86743063
29854883
25448763
28204063
19623683
50652943
80876023
42850403
12206803
17923463
83892323
88065543
15458283
73660763
3166203
15715903
72718983
8871883
96179543
52947423
32910303
65404403
10938443
39295383
67167443
92736663
103643
35075503
75475443
60859443
23968963
89657883
8534483
1474243
752543
6205443
21870223
68519823
63158083
68665263
94994623
21589423
34972963
85529483
81784883
23365103
69439743
75597883
70443943
10308263
66417463
91452703
38969523
80300503
27128503
6469643
46787403
80773503
75230563
92357043
48820163
71226923
55243683
55986463
24017983
87491863
29309923
35104603
92161763
77506583
20821943
25209263
19383463
51065083
66216283
59812703
19528323
50505583
58406723
83710823
23994403
65173323
87750363
40143283
46967763
93008103
72230123
1852943
22510843
86634283
34006083
57481983
13034143
69585683
96521463
22933963
42037903
41435123
36442503
30805163
62545223
80027803
94483703
73883863
42759663
7937583
44322323
1260343
77404483
74067103
14916643
87865123
52858383
24594903
81082763
89677043
96851323
23685863
64410883
64917823
68607683
70676743
59965263
33881743
32907383
29031543
58226583
38844543
15364283
64712243
3151203
14861543
76433583
77129163
45650643
20529663
9674903
32396783
9250083
24250443
29716023
13615823
64991483
90253663
66807723
56641463
1459363
97976283
17709683
83010523
55506643
34154003
18883623
16110823
77240983
22757903
60560763
94955903
28739043
77653343
37647543
67207263
15730943
91964863
19234983
9780823
38657383
21089143
45015103
23043903
98918023
70552623
20748103
51725003
10072763
93151103
11946623
96334483
7303743
30572843
23058403
89231283
13797723
97402403
96713783
95144643
5292663
95164723
28323263
20700323
90120963
65601303
3230763
99635743
82604523
29731443
48074843
19849883
28112583
1033483
43376423
98964203
12716503
27308643
47085283
82389323
61189083
74635103
63853823
7862143
64720663
13499923
2597463
3703003
39019603
73248403
50176923
46043523
16740803
29174883
1236303
87155583
23055303
43104263
73858343
42656563
42610323
53163503
75638823
53627203
26789423
49272703
74400703
17722703
13823263
20804043
24636263
33532203
55323043
93851463
75372303
26444883
17595403
32603863
52202703
33565583
46148523
85598023
60410623
86418023
58055543
21044343
96964403
77133403
63976343
88225083
47787083
83277003
38684223
51907963
75451943
28300063
61624163
99816663
74828983
13958763
19950443
85285103
57909643
81127263
28400343
85402143
46133963
57057243
38538463
41242243
27066923
7691823
66392183
12145083
34976763
38325283
2688343
42538463
58250363
13645423
92222863
87846403
11008003
60863423
37604883
15032923
37061703
16065943
44023363
46221263
50646543
15973903
50997943
74934903
91742943
77276043
28988483
23540483
45093083
93544023
84826823
31895003
57077523
78443123
72792483
28849403
91109443
59564463
26793183
28203763
55685703
25105623
36306703
52120583
41822483
50326683
95696063
57356023
14152343
41310883
18931443
12355163
5050123
55204563
7020423
20507623
24086483
96599343
46194243
13457443
31532823
12924723
45362383
73214183
30874483
90490203
22863143
8477683
12937503
76756483
58923303
14179083
9788143
86852823
10300143
53424983
83647783
29951423
77934783
93785263
63368223
21865783
91189163
35281403
98667963
76562443
17686603
67131203
24460043
30228203
61293983
43338663
12899343
7158323
11268883
40302403
72663143
23758863
47938843
13341823
63213003
28743603
62742043
51550863
92612743
2174683
64613483
91329823
31552543
19685623
80470443
76864263
83709563
78225443
2422763
70810903
16285523
73854083
97046523
60608583
22556443
30118223
38809663
54799643
92468003
77041023
80518243
75002263
37858943
97913423
86589723
1216323
52376123
12881903
94281583
29410803
64343903
