70555911
80997751
88284071
84411651
25209771
54219711
44279271
90853731
83567531
93013391
80008971
1101911
46938451
92168751
42989651
20141631
82774951
56844831
64579991
21396551
90706151
57166731
23673691
41613971
40804211
20332531
48067231
8277751
96300011
98493411
6831211
45947251
84529451
96337571
89701671
24134471
56418831
49915831
71773531
27181751
42876611
22927711
73798671
89966111
65122791
34554931
5499631
88016871
38797551
38696491
40050131
74328771
52221571
1200131
76308631
93065571
39956491
65630651
63597631
66382811
54534391
49780111
82642391
17235811
42624291
69160931
89508571
590931
62214811
14306011
55503971
62663351
49521071
4365951
20387911
24223551
21691051
8954891
19246231
77948471
89934811
68423931
74645431
60669811
68163471
69985151
62186631
71772131
54784111
31834691
18406571
26095371
50041111
88467831
5522791
89276111
12570671
91452631
93955331
49091231
19628391
18667671
48917771
24415631
42647251
97961571
60059751
73355451
57900051
71068231
58461151
89679471
92815771
61506271
22066171
70086951
42196451
22138371
65669271
10304551
54952771
66160531
50020371
6196471
79380351
617631
67799651
96878831
77736971
37729231
15706231
72671571
31424591
77922651
8637051
73714971
51043211
65752431
25959971
98711651
2007571
81497071
38857931
93344471
1781371
45898211
69032191
53717731
71493391
64903151
74279671
3497371
40545491
10530011
55332871
7997231
25498591
20847151
81148751
31370011
58992591
14802031
82633031
67904051
72705191
92807571
15539431
66408771
42400531
51495491
8210291
74755971
63642991
66681511
53077731
34646131
44253731
34829051
49268171
86214371
61969371
52114591
88893171
42123671
52173231
36431551
11711751
10409291
24082991
12271
65370931
14544551
84237951
55499751
20054571
74764531
78377631
29411
52224011
52339131
44112891
64551531
73769311
14734031
35174791
6121891
55843651
83072431
37040491
32918911
8636391
35848431
75523851
86947711
83561431
19678171
89124051
78434251
6895951
41313871
86960031
8494331
64511991
88861171
40837231
17516751
18230131
79570731
41886591
42237631
30403171
9085091
53115231
26079911
42463111
17681411
97731291
3708991
1064211
31722471
55184131
24606591
65714691
13416651
96911351
86490691
68820191
38094331
77161351
48111331
97551991
58198731
64631471
24741731
99377451
7117951
98184251
45201191
42736891
76991691
39276491
19246551
96317691
41524351
40274911
79922711
88692271
7744891
2769851
13463451
94163211
84691371
7442951
39898431
82347031
28067391
13374651
30023031
568391
287131
14179491
76462311
89337011
46397571
68694271
15265891
18444231
36098151
7374911
44676651
21738091
7402591
83325151
83679251
51192391
85044611
44569971
19091411
54197411
73606031
58332431
82207791
76771211
20253251
19689631
41082711
46726111
78328711
63402251
5010551
77290851
54760451
64756191
85499211
75947931
55256611
26952211
10461791
32125591
20354071
22078591
55751511
36769751
84756231
18566311
12838831
24913951
43383251
82953031
10538631
85011231
8096171
58786091
20805491
73321011
87574151
72334551
8357331
82643031
78410911
26021731
48439351
71224151
7460351
1962111
16698931
67931371
27303751
68252331
60903891
73618931
99550751
33778731
32687791
70722831
59524171
98083851
27958331
67559731
31468891
9478931
16289311
67370711
65886871
13395491
98746151
41385491
99258731
74468011
1928911
48198811
89456331
93662351
33410871
79492991
35771531
67646011
15201531
7778831
73528571
25820691
92385191
35309151
90566691
944311
96808331
39568771
68576611
64304011
26776851
18090431
87585691
25784631
14400551
17955551
19994191
73425931
50556451
68000631
88989271
20157851
40062991
12592851
18256471
34901791
46898391
97048711
7771771
71301591
28983991
55208251
37832151
68893211
91592071
18809751
72420491
15440171
56011671
57036311
67355311
78528511
60602371
75783751
63145971
65782831
27969211
33582271
1817591
81210751
29489651
95151871
86896231
66077431
15814851
60906091
15316851
46693671
26143991
86946351
66735951
24593691
61771311
19576571
26438651
41205871
33814051
77041791
26658171
31145391
61834151
34826471
76086691
27235211
62188691
26277571
16678851
22044671
74176471
18225371
50744431
61851451
59606011
28783711
94509531
43641111
65612271
66898911
70764571
11635171
50105451
92619151
54958371
17735131
64491171
61792271
32674991
59215391
87225531
80045991
10906911
57251471
5283631
59855491
22148711
3852131
79575951
5243071
72597471
4248591
47056031
96410071
23268071
32006151
44765591
46800691
77777811
90225451
16007731
69165711
48486991
78283031
33959651
36018251
38362891
7331811
55975371
62846671
49706891
47450951
38550671
14834491
13139491
89516411
92969611
78668531
33287371
44087991
92981631
35343451
18551791
31475551
4493651
27098651
59719671
