10637739

84211339

47159499

98014779

71389479

4832499

32411319

51268419

65567179

72674599

15382039

91202699

40051719

67983459

98205379

58700159

98896519

15903459

1366219

69934719

33114159

63786739

41497919

53035439

84040379

8160659

14665119

48230839

25309679

87472239

12165999

48694719

47103639

81930899

36535339

53397999

85826739

9377939

65038479

27938459

96409739

42864459

39520779

8386019

8097779

91488039

65343579

10431159

87629879

69463619

52577679

39472879

96436519

14895099

65526759

4900199

85996939

76773979

89351599

47458279

37633279

46695619

50802799

95621299

6737139

52087619

72892159

76181819

95060019

5417919

32982679

64370559

45234459

68303039

68018439

65502759

69317059

93711419

59986839

85673199

32562059

88131639

16511359

21529919

32762779

87445859

97915379

44280459

88015399

93666559

43793039

60208939

78561879

82425579

57522079

43013799

27330559

35573199

43428239

38804979

16893059

43519079

73235579

89195379

49842419

77168539

16330539

98370779

98659779

25409679

95241939

88387299

18076939

69274199

58201319

18152039

24946279

67638719

21508919

9252559

47100299

37858539

98835819

76802899

96081699

93241119

27252199

61072039

64618299

82887719

47265419

14791459

660479

11929259

73572299

50325159

49743979

67795139

75911699

67106999

62731619

18745339

94507419

11737159

62105059

87429299

9748599

60202279

17730499

32839019

66337339

54497719

78368139

70653659

64638079

46796859

93270079

15284999

37295799

92976579

55776319

59096479

75502519

19442839

27568759

27929179

8240339

14608979

38487759

64864039

79984859

49657339

65394479

76449239

98161499

98953179

95737639

19426459

5470219

27226319

17039619

91045019

2501579

22078719

32073819

17988599

43952519

72086879

67007619

89044779

61588619

77209039

1668099

75128559

48905079

79439699

94924999

78223199

35085159

14864039

32621819

49777239

35620899

27074179

80768139

98610819

38394039

43859539

88586579

82669219

95780359

71945579

25969659

11076519

74141139

20235599

45684759

62256719

2232579

2505819

69215199

66793599

14871479

76630839

9004639

22697039

56656759

73261319

68960739

3051819

77781319

1261219

36947159

97094379

72595179

95825819

69322819

70071159

66921639

1159399

898519

64805699

63026299

36560679

30811859

15941679

35776739

38697459

43215319

31529079

92015219

29304999

96564859

54169499

79441579

25073399

4228459

52933479

89827859

23519199

21919219

26858139

65442939

28237359

14775519

95772179

21521399

35392899

19891979

22001599

80880299

13512239

92136019

69642819

40407919

5358499

94678119

41923519

62787199

74651279

52116239

58211979

30696299

69700499

4681619

82829779

61519939

11019959

65490979

29033559

76195519

47874119

22472579

16553679

73909639

13729919

71675759

8414179

6527719

36735359

60603779

15805079

46010219

32528519

43749339

60454959

79960259

87129439

64702979

23354019

17507679

91156159

95422359

67239179

35881239

62630379

64442759

91615359

12533979

7562299

37600599

35783579

5366839

56804899

18659119

90755819

63094579

56995839

72826859

24816699

51426399

5310239

49165799

6337559

7408599

60444759

81927679

3310299

89552099

39765259

59698199

1824399

21652839

67861619

3483739

78741899

87074979

71714839

59314199

15106779

57076399

98367099

55951419

53803579

61634399

97712179

89907619

6282079

27964119

48112719

85188239

41566519

31242739

88323779

20659539

33746679

40890439

35261159

84474399

41165819

17029359

77909439

52891079

48837099

56902299

5749159

57799939

11436979

50107619

35128919

70867859

92440199

64553519

48075419

53857199

69892339

69549859

27669439

65031539

25762039

71771279

34324419

95248519

74990919

43899

55244619

95324919

47019159

10952739

21149599

75067579

31287559

40178979

9911499

1737319

38123439

89380619

18804619

65794419

21345319

56453419

67809219

45682699

27250919

39300199

31062819

8942299

56717239

99551099

64651459

87365199

85867559

59119579

24987159

63295499

96554759

30881919

92262659

90386519

81217959

28636259

14879919

61245639

46347879

86218739

96570379

87856519

59167339

5571499

64989819

40682799

63522919

76515779

51346979

92771599

87443959

33496779

42567659

55580639

58561439

45936119

4697719

4660919

25283859

38481519

3642459

84119499

43255939

27917999

76141559

37880759

25218279

63253739

10786719

68654019

54360139

50522019

76186019

41784239

63475199

92983359

47116839

20124139

53171459

74555819

2538959

27123699

98454819

70669239

80397239

25710999

23907519

10851559

33863359

79966859

12075559

44159679

84421879

29383719

53679579

84008199

14302259

3320859

46711299

44548579

46292119

9285399

7746479

5266539

6493859

18590799

54761919

8195899

