52012100

77738720

83335140

30395020

48891840

52623880

75897820

8906820

53697920

27882280

50072660

5154440

64721740

63311540

83246260

67989960

19364140

40015360

64576380

86907540

97361960

56517160

25815520

36086260

56919000

12585760

13802400

54305380

672200

86992860

41350540

37689500

23746360

71818740

39613400

36569600

63358040

96094780

65941940

18938140

83117220

89225980

96029740

6776000

79055540

10532200

93100

58389860

2886640

47499480

64696840

89366740

43210220

12330880

61666860

24065860

24318100

35228980

57050080

53399720

89178340

5769780

36365560

59639120

52399140

33197340

93931500

2142620

67275600

68526660

64952580

13691680

91841880

41520720

82515960

93316480

56918500

18068940

47361400

99528080

69156800

38202020

7636160

72233260

66131220

11884680

12564000

73744360

91447060

10701440

53937060

52585140

93066520

79151000

57519940

85221640

77767980

13871100

18888280

76517280

31114580

75139820

76274080

79494980

67467820

15929520

77025940

57807160

93332520

53481420

29873000

38846520

25340420

29352860

22438060

75113620

94388840

66297320

17332080

9881780

26889580

28779900

71799820

37730020

75006980

85903560

67518900

87419820

6587540

45579080

24244160

74417420

21504160

33266360

43931220

36929860

99512600

99472900

65465000

26956460

15083220

93290600

79315360

68266560

58289000

19688020

52696880

39588620

30139100

43332540

21563080

25190260

53120800

34876340

17333840

29724760

52067320

61718960

7537820

35667600

91714340

3256380

2156280

74778400

58463300

65522920

65488880

6360940

62529940

97445480

27520520

91694560

74938860

22896200

86991120

63275800

97042180

59781520

95844800

56169400

62690400

15009680

21521120

67063800

57533580

87407460

43699540

8548020

46573740

55055820

59030640

73619860

2203140

43547880

33461660

75032240

94387300

77351060

81205260

65950240

3985560

33749600

41605620

44901700

39375160

1060880

73170460

80352900

6954420

63917020

33141640

54599600

87538680

5455460

84961060

77133220

70419940

27226760

15576520

73003380

9050640

56434700

28613660

17286040

7716580

66093240

35878100

81922660

65542520

41742680

76577520

18149840

67659920

9450620

33778840

94084920

8939360

79707560

3980240

86068240

68920760

52009380

82704340

93285460

71712900

84311660

68225040

50581060

13348540

3009000

41863260

83907100

8588260

88610640

30543040

45192240

29624220

75417000

76350600

69140500

21921980

4316400

85154140

62411640

77544360

10087360

29089400

84115560

9585620

56282500

75567320

3682660

94405880

85030260

8414880

88037260

4250860

79188460

13806620

84820240

45252500

30308520

40970100

64040420

4981820

71464400

90767700

52796040

2908260

59435700

77108140

90188820

79562380

73843720

61837800

70528660

31093380

76775720

29474620

92615560

39747200

22088260

65140260

23363480

34352780

8484680

75673620

54630340

18203580

3093480

96807500

4348820

71232640

89431020

57281480

85679660

46255020

78656660

65237460

22016360

63894960

90712260

21544060

62254040

33227500

91150840

45785100

95411640

66324980

45459060

56759260

83906540

65256480

31191520

3111980

89899360

19354420

64177860

6064420

12434560

66965280

85816560

71871040

34690980

63419460

89861600

87811780

18503240

50073020

87430520

35524680

7134660

53223440

37184540

46038600

14662340

95965900

14736760

19966040

66097180

96251760

55950180

90901640

96532660

44807200

33114000

98878000

76965880

43209920

45505140

16574840

31018060

65813260

16839920

11358180

91140080

66491420

73812160

81498300

23525960

29905780

21095820

88933400

10371060

92095940

81473340

35916040

19025660

82374520

39072220

52736480

62017640

91341060

18051120

26002100

18443860

25113060

44329880

39172140

93335940

55908120

1889980

90080700

25996860

77343820

11104480

98118560

17434040

77430000

1621480

71103400

84849300

31385680

49132020

52953720

82592040

50086540

59906320

86335000

9973160

7788240

54217340

37719040

9484480

18761480

28689540

11476380

13142960

87549880

73819540

33028000

58298020

90246880

23227920

78977160

79134200

28958480

48038160

49769120

64392820

78926300

62001180

59257020

13034460

4032700

97425360

64903680

57373800

10715120

39826860

67387060

79613920

10041700

68524140

82129000

31634480

29503560

72049020

36641740

55580740

35714300

54528880

62553140

57744720

46953860

57165560

93834640

84586520

82966740

27074280

53891900

10587260

44417960

95235340

55460240

