63789152

1035912

15497832

69593752

98189632

5828252

21868132

83181732

67549072

8380332

35040632

94209432

54566092

84946092

57294072

62089472

39619552

93066772

54383832

68809912

93650152

56745192

15423692

67557032

69245672

46821512

52194092

35169312

94829332

19408352

49295032

43873412

9706652

23471152

15755612

79271272

66765632

37003312

19812332

27830492

12941832

95264872

402952

13673452

92380952

46937392

46005172

29245892

87326132

98037392

4044352

1129092

47075112

23841472

24345212

3695712

50667192

39564272

32310132

88262092

40661472

97262072

83897852

19220692

61549652

142712

96567412

69068412

23346552

5444612

4991072

61502752

5774532

37635752

22657132

68970752

17762612

86860792

25762652

51721792

39862892

60844372

35833512

72576032

15742652

37760272

381272

24056932

31999452

55882452

10358812

15138032

97210272

3706152

90354492

16377072

46714572

27758152

18000492

34752532

4493312

58535312

40633432

53854052

25618592

67007252

44700332

84024392

36074372

66258232

28817292

26411212

63769492

16254172

68462232

63957312

80400072

1922612

55078052

6697892

63778612

25437152

42832472

83543472

55770252

7780252

26336092

57146592

25223072

42504812

86728452

64275792

95407372

17879412

14935132

69144952

41332972

64264112

45479492

32419312

40471712

58563712

60113012

78055652

1327872

82870472

17602192

278192

75829292

30831552

56300252

16512672

99334372

7987612

60747432

17918252

57258712

90420032

77269712

42454252

87394932

20537092

93265572

55988412

31738152

42773672

17189992

38148392

72700112

37492932

66332652

87047972

31545432

97024652

56545632

87275912

86534112

45075112

1458252

65090072

62872232

37598112

24485692

35531132

97417272

53566272

65025192

26045952

86723632

98212872

75791752

90955452

87345832

89247732

86606672

21854372

33577892

81931592

50524212

81534212

5631732

91344492

98461472

6335832

35438972

40811792

67490892

88350332

87346812

1271492

74031292

77148852

91795452

20298212

98325892

64859012

11868812

80932832

22595372

20655452

96600572

52044172

11079072

53379992

21045232

31974092

48375312

48722332

79836452

12260032

5133492

72203512

99104752

4185832

11570992

84986112

82131152

42775632

97154772

43858772

14604492

62921532

86220732

32340672

40383392

31324692

41549012

44822352

38843592

59413952

32274012

89617652

58604812

687972

78908492

28024452

29210512

90450612

74356332

57678732

53716092

8822252

20309412

81552672

84481632

3078432

54570032

3159652

63740792

29942012

48652292

42680392

16582252

67578192

36654432

96638972

4322352

76815552

5540472

26510172

24835592

20602472

14571452

64311852

71840272

14167792

48595652

81419112

53058032

98137652

97705812

55514132

35597412

95574112

47329472

20215332

21454592

89057352

68088192

12913332

44504712

69361992

66809532

72693632

81901052

82421492

72114552

84326832

18500032

84701992

90151092

52239292

57194572

84497832

6209392

99752292

81580772

5785032

28307372

14442612

59415152

74814612

28650132

31105652

38815232

41522232

79666932

12845712

39330272

93331632

660392

46530032

99029272

56829092

48453612

75130312

6451532

66179692

60832952

33946052

63819352

20764772

78316732

5184592

52160732

70261672

79474812

70379392

98883032

31805352

30600612

31860712

7438752

48355612

90730812

12536552

35137432

28746132

72721632

42081432

64356272

67580352

21164712

45855012

29787632

20403372

31197532

14678752

2373972

68604612

5152932

63632492

23709412

41349312

2000992

49500012

77753932

98896632

89855872

13142912

81833752

99273792

93455652

38208032

70833432

71248712

44124632

7463172

92784252

87135292

6812772

63923752

71362392

81220832

46355992

19671612

85835772

67411252

56511632

13073572

39503492

49435332

4771252

39400792

20151532

90409552

48497792

8107912

17392592

29187692

3201132

71529632

30076772

69226472

99079392

73572552

31712892

4597432

64333312

70986232

47527272

38171192

72470452

46842932

39384592

60385912

79670452

74114952

50449712

98318892

74726672

5588192

23416932

48594552

79689492

67070732

85344152

76763452

73072272

97270712

69913952

129032

2134772

99379912

81596432

2009912

65692872

24133832

88336272

76883412

83672692

39325032

27208872

42816412

75519352

78518872

32253792

7110052

8960932

16018192

64597432

12358192

52226892

11097652

58230672

86961052

54979752

43396552

76311292

40583592

87517512

33149732

55769812

34929452

78390232

71023932

78116752

67286412

50775732

88054812

90680772

58562332

39230912

92373172

14554032

87444732

53461152

76115452

90114552

821472

78552732

19544492

1507912

53733352

4344632

4902732

87302192

20227812

38843112

80218392

55037592

40019972

22967992

33036812

76241192

88483012

91235512

32501612

14118112

57815252

16226692

40908932

