28960965

65646605

54217585

69679225

7987385

16714005

732885

35124165

13639685

17618365

58609505

74046645

62714445

90745965

19841005

54854845

85944185

85241005

30230085

79920025

2817525

46191905

3154365

88111905

34048105

20145525

20134285

70420665

55836485

32274625

51087345

68976605

2621445

15025905

22075125

53813625

82019365

39408645

47201445

64589445

56386005

16628505

2704965

66517685

11399825

45820025

22506645

36830925

60886105

93092925

58947225

19658105

82259865

34467465

50122585

58764165

84014845

9319645

91570545

6523325

9319265

84583385

25055005

34840225

17019925

48502445

32277925

59681705

53489545

92218425

26443485

16000125

22766865

77349105

42234685

55464305

29051645

63711165

99722685

75758325

44261545

26595425

86315365

58038685

89429925

38525145

99449445

92659185

95622185

60975925

46458305

66073925

80230265

13851085

25876185

91213365

49337245

80865625

73825145

82222245

76927145

18705485

95248005

36608965

6201385

16045365

93897265

26045885

93178525

51233585

71027785

27567085

45179205

97222245

31694085

17655765

76235605

19044465

8074705

74266125

59882965

96870925

9061725

62321745

39700825

41232005

32007325

20336905

34829825

37991525

60552925

96410985

19985705

47587265

61138045

54160705

74711005

47290645

70848585

46198725

4382785

29531925

47116805

83915345

6558505

2049925

5266145

90020525

74778265

61416025

37821325

42974745

49401165

76362605

77547265

58120625

77645685

17086105

83307485

21226265

80004825

8814905

10815945

82628745

31948065

86833185

74718125

57012305

92476085

47620165

14395205

19783665

44121545

26017365

4103565

9285545

28798685

26181865

39207465

21073305

84429665

54423725

4456785

20929625

84104845

53678065

30266085

96474265

37165545

11015625

74978365

4187745

21158485

85792805

44706245

84892405

68495865

38599345

49109825

32995285

8213485

43317545

98281125

90821885

74253665

32056825

9793765

64195225

41914205

66023525

91460105

76604145

34205825

44189085

39618505

8756585

98042525

74781745

88192285

77627785

33131125

32041685

91714445

12944445

50736305

47655465

71378605

33484825

94824725

46355845

91209665

97284205

92293845

48330345

58487865

65090205

27942545

44874405

39116805

32172365

81569245

66170625

75954885

45619825

18254885

72742825

87190265

75229405

76622685

54391185

26015945

11141125

3453905

14871105

39450085

38509745

87002665

3608565

40916585

19031545

99826865

74923385

51886765

75994425

65990765

24859565

66402625

33919045

61615865

42435305

63728605

12907765

91067985

60704465

97766005

60852445

85427605

42106405

16053765

9171385

60550405

61025785

77219585

21960005

47070865

51514625

65996045

95408005

57550065

54822265

63229885

89682925

36430185

97958345

58471745

90545725

28118045

12707705

56333545

10493685

94148985

73783765

74990365

20016245

70032825

79576865

24778245

83973865

70567965

2982165

8994765

27556625

26686765

22531085

65696365

33866125

59919965

53266205

99965465

31166865

70595785

76809865

44718245

36840065

83802225

13416305

35154705

11743945

95064025

63549445

67726865

84807285

68421685

65594025

58084085

63522525

21683725

75137785

42352065

32917025

13239225

39248025

21561505

71036765

35485005

14747125

5679245

33930385

30948885

41578045

98741225

84013785

67681925

41006025

82513805

96082825

79668085

45277565

44766105

95638385

9301625

71855705

88258305

99129205

33315985

38724785

42208185

10609745

53428845

31539685

75422525

85522245

72875185

16545805

24536785

61474245

77190885

57728105

2208745

25714245

39208645

31241485

77440185

51976325

79513785

30892845

7604665

34329965

32279965

67184945

27518625

17477325

56076405

19534185

91722385

4692245

62814165

46756965

97275125

91892925

57945425

21032785

43887225

5658765

97371445

77993565

94153945

47459725

99714645

62189925

9942885

96094165

45522825

54325245

32892185

53682865

62385125

57019565

60964345

38079965

94241585

35296685

370205

67559205

84075225

14188765

47824685

93238905

11101985

57591225

21203745

40353405

48793325

31188745

15864325

55663185

35878925

34766445

69549045

11902245

5795005

35449185

78345225

26468945

91957385

94966725

29561825

27349965

77219065

64895245

61802405

27815005

50467045

2915265

53397965

8440725

90930945

61564765

6411385

85541465

20045985

24368645

78218505

18419005

12363725

98966445

19353285

64519025

33963025

38806685

40492225

76474225

96076205

90786245

67491605

58142265

48104925

19955045

15302965

87143625

75653045

54077305

20515865

38320185

68551125

68943585

7819285

1030525

84972445

33027585

38740505

66533505

95219385

