95402610

3904470

11417790

48397270

74471650

7537370

29692390

61635350

31114570

41278470

67032870

40469290

68527910

22875030

61277170

22355550

52981810

46326730

42297070

27000570

46486130

63070690

24212290

16557070

37696970

2354910

45824830

85417170

24571410

79129050

91017830

32859310

97743470

53227670

43038490

35656610

32135470

69073090

85942890

27559470

59489750

76866930

60339570

94621330

7081850

84572790

9243930

71298030

6993150

39181090

72377290

66431850

69994650

64206810

75005930

43262930

59436010

1005670

46525970

71186310

23770230

79669050

76783310

88247670

46125290

85898310

94152510

71802870

65849250

55383990

7123970

69346770

72516430

43575850

31865310

51937730

43359190

40582410

27134990

92751990

29055170

77955030

54497930

27899470

42308410

94118350

75359670

87641470

45987030

64781790

70192090

77899770

84022670

59053670

19218210

65987570

28954230

5819650

30337970

50548950

20591510

93274670

23612010

52187890

19435590

15170810

6261410

43900810

4152710

74184130

43360830

83923230

83197970

67504510

49182370

86201990

9800210

62560010

42585270

40595010

79131030

89030170

19147410

61975430

69880570

93724950

24381690

82743810

93963990

1449310

84645930

53284330

87974070

68158930

14979810

93955010

7083470

93641990

24577950

21291910

83473730

86072170

49752310

70738530

84920210

82101670

15782490

43857630

44544370

29102530

75449050

46840890

25892950

96569630

99731210

36755530

14093590

41377850

18027970

98900970

80315850

46310270

28788710

42105670

42570110

53838650

13777390

97392310

83305690

52701350

50864050

92550930

56818450

64601030

92996150

8930170

70072510

41747730

86230850

14655470

53987590

59030370

32634250

26937430

88399550

90513890

23233790

19804170

5171190

34292670

60274430

27864730

52203730

53132350

56834730

79397510

90132170

74149690

88776890

3449150

98971530

17499050

25312350

26176110

36573370

41001870

43655450

79725350

64852750

58810370

1964450

50956250

55243710

79421870

88403030

52321410

35270050

34771570

30677230

37010930

22812150

59633110

57475830

21748470

418690

89075910

64631230

72446870

36853310

93202230

99304930

32937170

17525950

22616710

17133330

15060170

38455390

38682470

72011410

51511990

88840110

644630

88631450

8179530

7803890

30305950

16908310

91651770

5221270

5870970

65421310

83641370

7598570

17645450

20216830

37200850

78006650

34509590

32166950

29935470

86765170

98461530

82453070

21790410

46397610

5222850

6023170

42318390

31259090

74788870

38136070

52361350

74843990

39615690

71448110

8575170

3968650

66100650

70463710

32195770

3207650

61047390

88632730

95517610

22278370

42013270

85568210

67268930

26753210

7341890

22519190

43599710

63654690

33818390

99727670

94283270

6059730

28183450

5148630

95524290

92675590

25940290

1152030

38069430

23959130

30993350

85055330

89107090

95965350

25357150

69012330

42254590

52469110

80941630

88169010

58546670

85055690

7103450

13389210

33316770

51849350

70084670

16473030

57337630

82892910

14970350

1050870

73184530

28599890

56931890

43548410

81462410

8218390

53012950

85021510

27951850

38608330

29928490

55603950

62783050

2871870

9456990

89617870

2791530

10802590

15115010

12958770

54477770

88353530

77566590

58079750

71035790

7274050

67052290

46463170

63702510

87624010

74894310

5444150

34359950

56657370

5220470

29895090

75999010

33295010

53183610

33540410

40150690

86499710

74144810

60436110

55112230

7126410

76786630

97815290

45508430

53917670

78334990

24042310

15128790

78263150

14819550

27014790

30978250

36002290

15290270

38627890

93692170

97374310

13407510

6400750

19703630

80601690

47057710

76130090

30465670

89868770

68255750

60434550

77395450

36256430

31361150

76894110

15870190

73723510

7216850

50597690

47871790

84502370

32543170

22586810

73805170

12835250

98888970

22262450

65263970

83987650

51688370

21402750

60270610

13471470

99216470

70532090

28882370

55164270

85699610

31901670

20161850

42693450

23709910

12459910

4570430

35686590

58395290

14291850

89919930

18799310

15300670

46171450

99020570

86129230

46540890

8132970

7053830

15887390

40366110

79614930

73218350

7182530

82028730

25572450

45842990

87573650

37275450

76272290

46766850

90871610

38203810

20787050

85495850

15421450

28893310

39040050

97055630

75630150

67445350

8915050

64471330

59650770

96136590

31594010

80416670

13118570

55347610

4272770

37694330

66156190

35313830

85886250

29482410

72663010

39369810

67296150

47084010

52309570

52723050

31913990

77135430

92345850

54252130

66261710

92749510

13921310

90100670

2575630

868330

93319410

26222870

45086210

46166010

91624710

1597090

74847370

73185130

13928450

36920290

39256090

50095990

97860710

