88578648

13520208

20459868

87608748

84043508

53519588

24247528

23793488

76213748

56253588

52454688

63383988

81349428

53918128

74536008

79635148

83864748

89650488

82570968

47797388

63465368

67859908

63769268

70328088

8594468

48946988

83683368

34419028

30904808

17475748

3853428

33865008

66948968

22697008

15746268

27500148

27848488

61011688

15260308

379628

75779888

13822548

13040928

12904228

2351428

85088728

97550208

29597008

81176128

58676108

89887668

73662308

6816948

44161828

38763888

85336448

70152068

55400188

64210728

14974988

32509448

2679408

88772208

85395108

72878088

20438868

78785208

65245728

79979808

36338788

71877508

31549028

1366988

86445768

37526748

83516048

47402168

75975408

76265528

24099908

24998368

46507668

97895408

28358648

53451308

2603088

3748548

22368828

27414008

14075768

90502428

59780828

73909948

81851108

9754748

12117448

34930028

25486908

3777688

23480128

8081548

650148

35371908

4483508

28826868

43545728

67927508

74707528

99611368

47622828

44321588

73309088

48141248

12269348

64275708

35854788

20923048

34616628

33679888

43458848

94506288

25554288

3260228

89635648

57825008

15963868

94986288

92419108

12201508

6668648

8343388

15833908

56393048

45314488

15726488

16371468

51061788

51445168

24695768

35808308

76863228

1600248

74800408

17546608

47601208

90912708

21421868

59116888

73766048

72570728

60994868

98391088

89291148

18214928

90390988

51929808

23143888

52427668

40436448

59904168

23503508

36179028

72356208

9527268

87704028

73163308

72256348

64675348

89529588

81481308

67319928

13733028

38000128

38215148

88534908

75551668

15723808

5657948

67373168

5365548

65735128

8942968

93985028

12480868

1070728

24771428

42678108

27851848

32392548

37651688

35659768

96973768

70048568

14183308

21245448

14650908

15503548

29415548

32397408

70857648

71286488

3463308

60812428

58981768

16974028

28480868

62560068

91765368

91953448

95434148

81465388

4865848

76586728

99529468

56855728

34539908

3253988

68496348

62564628

6727148

48411608

86345928

45970408

46337288

48234828

29799928

20583168

67101468

61996528

50198548

85794688

22830828

21699448

17268408

78517188

65574128

79886768

27773048

53881448

55203728

80276748

80831948

61171208

35432568

46557548

20225328

93998908

50283548

91586168

34249828

6667748

65292148

66820108

55989208

32004928

65280768

87625228

5367948

80772508

84686548

20353128

19594228

75039388

14138668

27981308

44929868

6683568

65199808

11212628

31959568

76039048

2282048

32356948

41811508

95902188

71157588

32382308

29596328

16879568

49904768

17950928

59972308

40913828

33709808

76648668

44299408

61347528

3383808

3096388

80019548

86045588

4085228

51767368

40884968

35197188

78804408

65940568

24523868

30443448

75011068

93417588

24112028

67133828

85082388

1754448

30543648

94315908

85434108

91383088

28012288

9049808

91343728

74570688

65877528

90602248

63811588

73292948

4657288

22800068

8965388

16913648

14390508

10228148

29976388

4864408

55177388

15362328

90417448

88440168

78700608

57625308

72425088

55487868

71226048

7595768

83621948

64882548

44936468

20362288

17888328

93603168

64547308

21957028

13147988

40086028

17817828

7472528

71890988

49878868

34549508

72133088

98875768

38147188

80019228

13483068

12531488

70011688

62576268

47481348

99281648

9577788

25057668

13946648

19332568

77599068

90824888

76066908

17819868

72038128

86594688

45704268

83469448

38804788

11944208

73809868

49115128

43140508

39828

99032648

84157068

97225528

61664828

99855828

32944248

77204028

87352508

65083588

3432168

5362908

77248828

22384648

23333768

5014828

76252728

50429988

55713308

45312848

82404748

42109548

53107568

4664788

99759848

54274328

46455768

16674368

889308

60305348

61887848

69653968

75425748

42350768

81313448

77043188

52623788

11848188

56882008

87333488

65936328

30691208

85110668

43335328

52263588

95975428

2823708

6408748

11841248

99700468

944268

76204548

21069408

25412788

70428

13367348

25394748

50214668

60329008

6000588

38528108

16096348

3229608

99255068

47334148

18295068

26724308

4256888

78427768

94998808

76918488

53883148

66262608

86236468

41868448

74182028

70573608

95569048

52400208

93096728

86716388

97981448

72021268

21865628

62145128

61201388

83148908

62492848

73552408

83853708

53192348

90382388

85403688

11014348

22699328

40840748

1304268

46575508

17398148

7003108

66655048

52238828

63336688

