58787689

84780489

68134809

3595409

56489409

84361589

6515969

98519849

67534049

46531329

97454429

54997789

19764169

67692829

65018469

57797829

90250769

24984909

41840169

64132669

71776289

86194809

65124889

53669769

15265069

41649049

89937249

26244689

47271709

4852109

16314249

661969

7784449

86486009

80503169

8337869

76181009

91251669

63130209

32141849

9377469

14947129

49651989

89593169

77235669

87768429

65271729

97835989

1283689

23706189

51181049

18847069

79232909

19698189

92066089

69331489

45341689

12732429

20469349

32724289

16655449

48799469

44289309

67992189

25186729

4675029

25105009

19393929

98077109

10016609

33672529

10953889

28328689

42058709

25437009

45680109

77510429

67606909

92183409

75854749

12603369

34256649

69115969

2659109

3837389

41278749

78763749

47546949

19890989

74129329

79784769

61157289

91441789

69222789

50478649

6796669

19000889

1911689

85067229

90288389

10588049

54170729

49743469

85302549

16914789

77234669

62860469

90555889

17103009

8143929

39728209

36073129

46570409

78254489

25217269

19265149

75842709

90517329

91641329

57755729

40926569

48660849

57523429

13834509

73578589

98123529

44328269

35388529

63925749

64760649

92493209

52371129

28440309

77096129

95575449

32406029

36753309

84830509

42721209

75187749

64883349

58473929

57671529

69187889

30389209

7595029

79780609

74176269

57716349

94237029

777629

67611829

79533049

50254909

15016469

32941889

3578549

220649

37002129

14680029

88995849

91331089

1845309

92746829

55826329

87249549

60926969

28982729

54962789

86374509

53529869

61709309

58852109

3867769

88972389

52713089

7575929

90450389

10281869

44939669

74149329

99141749

41532609

81686589

69838329

41780569

74307969

40479949

92622089

97566469

20401269

59084929

37749029

27039569

7693269

20950489

9992389

1025429

18486809

74226569

36122549

80434509

67744349

46782809

38018589

95991949

66753149

87959789

82821069

14571569

49181349

12610169

11021229

62905509

32863409

37839989

3598309

72353929

85537009

65088569

41315609

61292349

17443669

5753549

76323929

4087589

85513689

32677109

80462409

68836649

87641029

47764669

82509329

32485289

236069

52343149

68169709

32327749

24029749

12844809

51038709

66130809

62979849

7686249

67831809

38915549

51158229

56049749

92872369

47952229

77043169

83136129

9789829

86964409

24632189

93954469

32138989

61468569

73861149

77041529

82422169

32859569

10991849

99903009

9140089

46429629

44325609

55699469

68340149

42181389

25091349

59451549

3691589

38689269

35236949

17555709

27246289

8409969

99107769

54323129

62391389

96799329

74268689

85798269

59470269

74387369

52340769

95943389

411169

86669549

2338389

3732649

77854109

29986369

51566309

89768349

84636829

89574549

64695429

12162929

90668169

259489

66062569

49045549

20031789

60761389

69900149

54210629

505669

30538389

30029649

11279169

48493109

88749589

75719469

843789

3537689

4012709

88329549

65320969

78163009

43517969

61815229

86724829

669609

70949649

69849649

7735469

18409029

12956549

31456569

97991949

69692089

15516549

50612309

17465809

76934269

68067909

69422869

67024369

8946789

35273709

93403949

17098989

54757009

97369069

70512969

10206909

16603349

16260209

70362729

52588189

2490149

71099509

67455349

68452149

42668089

96093829

79993209

43905089

11296889

49800209

68202489

36469689

16138529

83383189

72800129

10031089

92166529

61703449

44465289

12920149

76840009

48152709

39905409

82592229

38636589

17786029

68890269

26355109

67297949

80743249

95707529

76742689

87151289

11233829

93589389

15030189

5466809

83525969

59450009

43307489

36322149

72209769

95630029

70645629

53416689

68046229

98536309

15745529

56485529

31206149

63520569

6714789

26583089

38617029

23363469

79241509

53389069

64881549

48615409

87801069

80274389

17340909

5122869

49358069

798209

28405909

92905429

3154249

40354949

52822549

39573829

3238469

45697569

77722569

50827109

71485269

56497009

16502669

13062549

29417929

34124769

78228489

43762849

49632329

15038529

43170749

28461069

11531029

17546849

71263229

22428509

86713609

64231169

51588669

89985949

31860949

69540529

1366769

84069889

36557689

33780029

99199609

37777229

78241529

76538369

79272909

53536829

57423729

19547389

13510609

25180129

2014649

96810109

14850029

61866649

12897249

44074089

83044969

62836949

38955549

89207429

17051569

28301089

74073469

57526469

89658609

44540969

43436229

93722789

16115549

7722909

64015609

57586729

91950709

13152109

97682409

63876529

66520229

9463149

2269689

54187049

84436909

75667069

87302789

5935329

92518269

32126329

26182609

90724969

60887009

97898049

84498449

14094729

95060909

50397569

5410409

